2.5021	-29.9582
2.5416	-28.625
2.5666	-31.3413
2.5897	-34.7983
2.6054	-27.5227
2.6342	-31.2017
2.6381	-32.9129
2.6451	-30.7375
2.6728	-31.6621
2.6744	-34.4571
2.6745	-32.5455
2.677	-29.9466
2.6788	-33.7916
2.6977	-34.4935
2.7028	-27.6563
2.7029	-34.4553
2.7059	-29.5137
2.7079	-33.8563
2.7209	-33.0182
2.7267	-33.5825
2.7267	-35.9536
2.7313	-32.7406
2.7331	-31.0368
2.7404	-36.4717
2.7455	-32.3667
2.7456	-30.0944
2.7585	-32.1306
2.7649	-28.1092
2.7796	-26.7913
2.7832	-27.7299
2.786	-32.0632
2.7918	-34.9015
2.795	-33.9728
2.7963	-27.3568
2.8067	-32.1275
2.8072	-34.4117
2.8108	-30.4985
2.8121	-30.2678
2.8125	-28.7621
2.8247	-32.8607
2.826	-31.3484
2.8264	-34.3297
2.8307	-30.7257
2.8318	-29.5868
2.838	-32.1264
2.8425	-32.0259
2.8433	-31.6161
2.8448	-28.703
2.848	-30.8123
2.8485	-32.7119
2.8493	-28.8454
2.8565	-27.4585
2.862	-34.7183
2.8628	-32.1246
2.8724	-31.657
2.8782	-28.2071
2.8802	-29.3385
2.8825	-30.7227
2.8854	-32.4051
2.8861	-33.9378
2.889	-32.2749
2.8894	-31.1861
2.8899	-31.6195
2.8939	-31.6102
2.8978	-33.5253
2.8991	-34.122
2.8997	-34.4413
2.9056	-28.2435
2.906	-28.2615
2.9142	-33.1899
2.9146	-35.2629
2.9173	-27.9278
2.9216	-30.7291
2.9225	-35.8777
2.9265	-32.5411
2.9331	-34.7779
2.9331	-31.8476
2.9365	-32.4745
2.9379	-30.9402
2.9532	-29.9619
2.9596	-27.7018
2.9645	-30.9123
2.9753	-28.8763
2.979	-23.9433
2.9896	-28.1072
2.9927	-34.9952
2.9952	-32.0684
2.9973	-27.8012
2.9978	-31.928
2.9978	-29.2002
3.007	-33.6175
3.0164	-27.8476
3.0217	-33.8984
3.0246	-30.8048
3.0283	-31.4901
3.0291	-29.4649
3.0321	-31.6178
3.037	-29.6477
3.0377	-27.3888
3.0388	-27.735
3.0395	-34.2965
3.0554	-29.14
3.0555	-31.4041
3.0578	-33.8204
3.0578	-27.8009
3.0654	-29.7252
3.0656	-27.112
3.0717	-27.6732
3.0794	-30.2362
3.0796	-27.2062
3.0817	-27.4366
3.0852	-28.9219
3.0865	-29.9405
3.0904	-29.1431
3.0919	-30.5681
3.1004	-34.32
3.1076	-27.2035
3.1147	-24.0178
3.1153	-28.8813
3.124	-31.5209
3.1291	-24.4597
3.1392	-33.6291
3.1395	-30.5922
3.1512	-25.4671
3.1594	-27.1443
3.1676	-28.955
3.1705	-35.912
3.1715	-31.9843
3.1718	-31.4331
3.1769	-28.7338
3.1839	-30.6006
3.1916	-27.4848
3.2036	-33.8694
3.2129	-29.063
3.2162	-23.7365
3.2164	-22.5938
3.2182	-25.2775
3.2229	-27.0386
3.2341	-26.8839
3.2345	-31.5467
3.2392	-29.3629
3.2423	-25.7619
3.2442	-26.5106
3.2497	-31.2564
3.2624	-27.9295
3.2653	-24.0368
3.2692	-27.6255
3.2926	-23.6892
3.2967	-29.1352
3.305	-25.5289
3.309	-25.134
3.3134	-31.3076
3.3154	-23.6563
3.3228	-27.4342
3.3383	-28.3427
3.348	-25.4788
3.3491	-28.5265
3.3623	-28.0037
3.3741	-28.4839
3.3849	-29.9437
3.3859	-27.9155
3.3865	-28.7762
3.4	-30.3286
3.4119	-22.2369
3.4197	-26.7797
3.4217	-26.3101
3.4256	-22.8298
3.4352	-19.5647
3.442	-29.9954
3.4446	-30.8155
3.4605	-20.2192
3.4646	-27.4211
3.466	-24.9821
3.469	-27.7671
3.4853	-21.2346
3.487	-25.014
3.4938	-21.5327
3.5129	-26.7645
3.519	-20.3462
3.5204	-29.727
3.5213	-24.3868
3.5272	-28.2567
3.5341	-26.279
3.5351	-25.6327
3.5389	-30.3968
3.5392	-27.2828
3.5483	-26.2976
3.5487	-23.5629
3.552	-23.573
3.569	-29.6014
3.5697	-22.5226
3.5805	-29.5994
3.5811	-26.6113
3.5862	-24.8093
3.6218	-22.6851
3.6261	-25.5182
3.6321	-21.6297
3.6328	-24.5902
3.6362	-26.4449
3.6367	-24.8687
3.638	-24.5765
3.6468	-25.3791
3.648	-25.0877
3.6486	-25.3289
3.6661	-27.4549
3.6689	-27.9948
3.6841	-24.8349
3.6844	-16.804
3.6884	-27.2309
3.6979	-22.3935
3.7256	-24.1898
3.7405	-20.426
3.7471	-21.5006
3.7523	-21.0031
3.7604	-19.3168
3.7646	-28.2608
3.7665	-28.9948
3.7746	-17.8887
3.7858	-24.657
3.792	-26.7704
3.7946	-24.6136
3.8099	-21.0743
3.8109	-24.4338
3.8204	-26.5472
3.8295	-27.0899
3.8503	-24.0076
3.8525	-28.2951
3.8558	-29.8016
3.8587	-25.0111
3.868	-24.1732
3.9316	-25.9811
3.9378	-18.2797
3.9399	-28.6891
3.9427	-26.2559
3.9488	-24.1823
3.9606	-18.1941
3.9922	-21.7665
4.0192	-23.6252
4.0292	-18.8611
4.0391	-23.1306
4.0404	-20.3267
4.0524	-23.3738
4.0538	-19.8466
4.0772	-24.2911
4.1027	-26.4056
4.1253	-25.4644
4.1257	-24.3543
4.1347	-19.348
4.1371	-28.3345
4.1399	-20.6199
4.1557	-23.4191
4.1645	-23.5778
4.1758	-20.241
4.1891	-22.8566
4.1894	-21.8236
4.1903	-24.4159
4.1935	-23.3163
4.2001	-23.2226
4.2111	-25.5502
4.22	-21.024
4.2205	-24.0179
4.2231	-23.4047
4.2265	-21.7662
4.23	-28.0917
4.2307	-24.0986
4.2406	-21.0262
4.2439	-26.5124
4.2606	-19.5088
4.2891	-24.7559
4.2898	-22.0995
4.2916	-20.945
4.2969	-26.0816
4.3204	-22.4987
4.3356	-22.0155
4.337	-24.2585
4.356	-27.4522
4.3718	-18.9844
4.4185	-23.3841
4.4313	-20.821
4.4446	-21.664
4.4485	-22.6206
4.462	-24.4153
4.5068	-21.2641
4.51	-21.9475
4.514	-18.2698
4.5595	-25.3588
4.5675	-20.3176
4.57	-20.3061
4.6053	-21.9897
4.6072	-18.1967
4.6168	-23.3718
4.6608	-19.3086
4.7666	-20.8972
4.8381	-22.6576
4.8399	-20.8314
4.8843	-19.1128
4.9028	-24.6673
4.9033	-19.7685
4.9546	-27.1539
4.9722	-21.6406
5.0745	-18.1335
5.0766	-16.185
5.0772	-20.3693
5.1281	-19.8362
5.3039	-20.3554
5.3609	-17.7733
5.3799	-20.2124
5.3991	-24.6272
5.5319	-24.8092
5.5944	-17.2712
5.6679	-20.796
6.2486	-20.4282
6.5615	-14.9669
6.7969	-21.7582
7.058	-17.3724
7.059	-17.7595
7.1759	-12.7541
7.3296	-14.5348
7.3619	-10.4848
7.3724	-18.0087
7.4149	-12.0006
7.4799	-16.2374
7.4889	-14.5747
7.5336	-16.3948
7.5337	-17.1358
7.5499	-16.186
7.5611	-15.9553
7.5856	-16.6067
7.6859	-10.9344
7.7281	-14.9688
7.7398	-15.7103
7.7828	-17.2787
7.9351	-15.378
7.9633	-18.8666
7.9817	-19.0472
7.985	-11.9646
7.9868	-16.8492
8.1266	-16.6237
8.1386	-16.1005
8.1609	-14.9796
8.1646	-12.2267
8.1651	-16.562
8.1837	-18.1384
8.1924	-17.2698
8.2027	-16.4748
8.2295	-17.0606
8.2574	-16.4387
8.2778	-19.1239
8.3513	-13.4719
8.4545	-16.8563
8.4882	-13.2967
8.5405	-17.212
8.5406	-12.4477
8.5964	-15.7817
8.6359	-14.7491
8.707	-16.6432
8.7407	-15.8263
8.7852	-16.4767
8.8005	-16.7889
8.8352	-14.0269
8.8728	-14.3326
8.8817	-12.3618
8.8858	-11.0331
8.888	-14.8823
8.8991	-12.8269
8.9039	-14.5918
8.9052	-16.9212
8.9121	-17.0555
8.9542	-17.5641
8.96	-15.0385
8.9745	-14.2725
9.0212	-12.5771
9.0281	-14.3924
9.0326	-16.7028
9.0455	-14.1282
9.0535	-13.8215
9.0551	-14.3933
9.0552	-13.4014
9.0732	-11.364
9.077	-15.316
9.0875	-13.9507
9.1129	-12.3891
9.1382	-15.0258
9.1418	-14.2785
9.149	-10.9588
9.1582	-16.9066
9.1662	-11.3622
9.2171	-15.5898
9.2253	-14.4148
9.2925	-15.5801
9.3007	-14.7902
9.3564	-13.365
9.3833	-14.5805
9.3997	-14.9091
9.4043	-15.0726
9.4301	-16.6634
9.4632	-16.3237
9.57	-15.497
9.6184	-14.4433
9.6574	-14.9364
9.6698	-14.5059
9.6898	-11.8138
9.6937	-13.7965
9.7083	-16.182
9.7904	-15.6242
9.792	-17.7772
9.8204	-15.7431
9.8258	-15.658
9.826	-18.4228
9.8307	-16.2607
9.845	-13.2993
9.847	-15.9959
9.8744	-15.3113
9.8756	-15.6518
9.903	-13.9126
9.913	-15.3497
9.9159	-12.0688
9.9479	-15.4029
9.9636	-15.8779
9.9767	-14.0658
9.9942	-12.8212
10.0035	-14.9646
10.006	-15.9364
10.006	-13.2653
10.0233	-16.2558
10.0268	-13.457
10.027	-14.0414
10.0322	-11.9795
10.0558	-16.2478
10.0582	-16.21
10.1647	-16.5495
10.1797	-11.4612
10.1884	-11.919
10.2191	-13.2116
10.2517	-13.9772
10.2657	-15.0089
10.2682	-17.3394
10.2998	-14.2486
10.312	-14.6066
10.3136	-15.798
10.3153	-16.0032
10.3228	-11.3512
10.3252	-17.2332
10.3279	-13.1708
10.335	-13.7758
10.3395	-16.3216
10.3606	-17.7882
10.3654	-15.7807
10.3685	-14.9682
10.3895	-14.0711
10.4467	-16.1774
10.4519	-12.4599
10.4579	-14.3336
10.4931	-19.5423
10.5021	-15.9572
10.5056	-18.2395
10.5108	-13.2746
10.5712	-15.9383
10.578	-12.8971
10.6172	-15.808
10.63	-11.5556
10.6533	-14.8167
10.6799	-14.0131
10.7118	-17.7551
10.7184	-20.8092
10.7427	-16.4808
10.7656	-22.6385
10.7815	-18.4469
10.7928	-13.9939
10.7972	-12.5498
10.8398	-17.7573
10.8572	-15.5789
10.8852	-17.8216
10.8868	-15.0478
10.9163	-17.712
10.9176	-15.3784
10.9365	-16.8127
10.9507	-12.3666
10.9749	-16.1227
10.9845	-12.6858
10.9908	-13.8367
10.9972	-13.198
10.9975	-19.2021
11.0048	-16.7756
11.0209	-15.4387
11.0424	-19.707
11.0516	-17.6055
11.0619	-16.11
11.0725	-20.3515
11.1104	-18.1549
11.1107	-18.7985
11.1247	-18.3154
11.1606	-19.4655
11.1733	-15.1666
11.1758	-19.7545
11.1811	-16.8179
11.1938	-15.874
11.2081	-19.2588
11.2477	-19.8343
11.2478	-16.0367
11.2586	-13.3557
11.2629	-13.8481
11.2685	-17.1341
11.2826	-15.6247
11.2996	-17.0933
11.2998	-14.4001
11.3192	-16.4391
11.3227	-15.1816
11.3333	-18.7263
11.3393	-12.4587
11.3424	-14.0108
11.3686	-19.5245
11.3696	-17.6719
11.3782	-16.5463
11.4012	-13.945
11.4093	-17.7447
11.4121	-14.7619
11.4146	-15.7426
11.4376	-13.5951
11.4414	-16.8898
11.4429	-11.6613
11.459	-16.0828
11.4858	-18.0226
11.4924	-17.5455
11.5144	-15.1692
11.5228	-14.2123
11.5634	-16.5537
11.5689	-16.82
11.57	-16.2004
11.5738	-19.0192
11.5863	-10.5129
11.5948	-18.4179
11.6047	-18.1533
11.6076	-14.3269
11.6152	-14.7161
11.6215	-18.6918
11.6564	-15.25
11.6573	-15.7022
11.6623	-16.6688
11.6666	-17.7298
11.6819	-16.2741
11.7015	-18.5212
11.705	-17.9778
11.7109	-14.4713
11.7111	-12.8081
11.735	-18.7872
11.7519	-16.7554
11.7556	-16.9462
11.7862	-15.6505
11.7925	-14.3539
11.805	-18.3001
11.8164	-12.5475
11.818	-19.0441
11.8203	-16.6894
11.8254	-14.0215
11.8423	-10.9649
11.8635	-18.6218
11.8647	-15.5215
11.8697	-17.0966
11.8736	-19.5762
11.8906	-11.6117
11.8936	-13.8092
11.902	-17.3774
11.9042	-14.6266
11.9101	-19.1695
11.9194	-16.3795
11.9244	-15.544
11.9245	-13.8344
11.933	-16.1333
11.9335	-15.0405
11.9337	-16.1885
11.9349	-16.2862
11.9371	-19.5496
11.9383	-14.9038
11.9469	-18.3497
11.9635	-15.1577
11.9889	-18.967
11.996	-19.5496
12.0006	-16.438
12.0233	-18.5958
12.0266	-11.4295
12.029	-13.5061
12.052	-15.9687
12.0683	-9.4996
12.0737	-15.7558
12.0754	-13.7577
12.0757	-16.5318
12.0776	-14.1554
12.0856	-20.3181
12.09	-12.3969
12.1037	-18.0144
12.1066	-13.4485
12.11	-14.4101
12.1138	-14.254
12.1195	-10.1843
12.1267	-18.438
12.1269	-17.5862
12.1286	-15.6063
12.129	-18.0264
12.1392	-18.3897
12.1453	-15.346
12.1477	-12.5117
12.1505	-13.6164
12.1517	-21.1405
12.1553	-15.7283
12.1612	-16.1675
12.1657	-17.7555
12.166	-12.1831
12.1802	-11.8837
12.1861	-15.852
12.1863	-14.3852
12.1972	-11.6765
12.2152	-13.6158
12.2171	-18.6071
12.225	-16.1472
12.2254	-18.4359
12.2298	-18.9736
12.2307	-16.1539
12.2478	-13.7551
12.2584	-15.1511
12.262	-14.9488
12.2677	-15.5214
12.2699	-16.9732
12.276	-14.2728
12.2823	-17.344
12.2848	-17.4296
12.2949	-12.7772
12.3004	-14.5246
12.3071	-19.0022
12.3097	-14.849
12.3099	-10.5425
12.3133	-16.9712
12.3174	-19.0801
12.3218	-13.7943
12.3366	-17.9322
12.347	-9.3045
12.3517	-12.9542
12.356	-14.7678
12.3582	-17.6935
12.3795	-15.1591
12.4071	-16.0504
12.4095	-15.7419
12.4185	-13.578
12.4189	-16.3937
12.421	-15.6285
12.4242	-14.3665
12.4519	-11.0206
12.4561	-17.7822
12.4659	-15.5628
12.4664	-13.7832
12.4702	-11.2557
12.4782	-19.0596
12.4787	-15.6198
12.4879	-16.1544
12.4895	-7.9716
12.4938	-18.6905
12.5066	-13.0478
12.5173	-16.4854
12.5496	-18.1613
12.5523	-17.7242
12.5593	-19.1974
12.5606	-17.2433
12.5618	-20.7758
12.5629	-17.9602
12.5646	-11.7836
12.5659	-15.7645
12.568	-18.138
12.5714	-19.9288
12.5767	-13.2782
12.5778	-18.9197
12.5827	-16.3578
12.5834	-16.1905
12.5869	-16.4151
12.588	-15.7961
12.5932	-14.5487
12.5949	-16.8103
12.6015	-15.7476
12.6037	-15.9888
12.6061	-14.3875
12.6242	-19.0225
12.6253	-13.9108
12.6254	-15.0314
12.6334	-14.9992
12.6471	-11.9582
12.6518	-11.9004
12.6532	-20.6377
12.6586	-18.053
12.6734	-7.3237
12.6894	-17.9198
12.6963	-9.444
12.7008	-18.8289
12.7011	-19.5108
12.7012	-15.7633
12.7017	-18.4254
12.7072	-16.6209
12.7125	-13.3833
12.7142	-17.2921
12.7203	-16.6422
12.732	-14.7841
12.7335	-15.3704
12.7406	-16.3383
12.7493	-17.9699
12.7538	-15.2436
12.7554	-12.5037
12.7792	-14.2037
12.7796	-19.343
12.792	-19.2152
12.7936	-12.2137
12.8208	-15.4727
12.8279	-12.1263
12.8319	-11.2505
12.8408	-21.3631
12.8443	-24.7114
12.8463	-16.7754
12.8471	-22.609
12.8527	-20.1394
12.8618	-12.3844
12.866	-15.9507
12.875	-16.4614
12.8788	-17.5286
12.8799	-10.2139
12.8822	-10.5331
12.8874	-15.917
12.8878	-15.7782
12.8928	-13.461
12.9056	-9.8334
12.9194	-13.0676
12.938	-6.9643
12.9402	-15.0849
12.9711	-16.8458
12.9733	-14.8518
12.9759	-16.0895
12.9794	-14.7746
12.9801	-17.5109
12.9895	-16.2106
12.9972	-17.497
12.9993	-12.3159
13.008	-21.1917
13.0178	-15.3538
13.0214	-19.0284
13.0229	-17.7146
13.024	-11.6789
13.025	-21.004
13.0411	-15.1299
13.0997	-16.3891
13.1155	-15.0702
13.121	-17.4201
13.1394	-15.0418
13.1531	-17.3071
13.164	-18.6164
13.1769	-20.5283
13.1922	-23.0403
13.1964	-22.8278
13.2252	-21.1631
13.2294	-18.1881
13.2485	-13.3996
13.2496	-17.9152
13.251	-13.0622
13.253	-20.2949
13.2555	-18.6454
13.2632	-15.1561
13.2673	-14.3093
13.2878	-15.7475
13.3066	-19.1976
13.3555	-22.449
13.3685	-16.0266
13.3815	-21.6401
13.3986	-16.6256
13.4146	-20.572
13.4161	-11.686
13.427	-12.3131
13.4342	-16.0235
13.4519	-10.3215
13.4553	-21.0622
13.4904	-18.6968
13.4959	-11.6484
13.4986	-17.1648
13.5094	-23.2565
13.514	-20.1014
13.5309	-21.4023
13.5507	-15.3886
13.5868	-18.4778
13.5956	-22.9825
13.5997	-18.8335
13.6008	-13.8417
13.6228	-18.1505
13.623	-16.7996
13.6234	-20.0302
13.6315	-16.7657
13.6663	-18.3592
13.6735	-13.7317
13.6864	-16.1124
13.6917	-21.017
13.6927	-19.6666
13.6928	-21.3176
13.701	-17.5175
13.7119	-15.0877
13.7143	-19.3322
13.7238	-13.104
13.7666	-20.2954
13.7672	-13.8021
13.7692	-18.6151
13.7742	-18.6773
13.7765	-18.506
13.8023	-17.5342
13.8164	-11.3421
13.8321	-15.8711
13.8354	-16.8246
13.8496	-22.1058
13.8497	-12.5559
13.8514	-19.479
13.8523	-17.0458
13.8538	-22.7983
13.8672	-20.0479
13.8841	-9.2034
13.8848	-17.7139
13.8876	-19.6069
13.8952	-18.8345
13.9119	-13.5077
13.9209	-9.6404
13.9251	-19.1952
13.9308	-17.7089
13.9324	-14.1946
13.9557	-19.1078
13.9645	-21.228
13.9682	-20.8693
13.9771	-13.4881
13.986	-15.6841
13.9958	-10.5963
14.0064	-4.0161
14.029	-19.365
14.0313	-15.063
14.0368	-20.7198
14.0385	-16.9059
14.045	-14.4397
14.0452	-18.8063
14.0658	-7.5506
14.0759	-20.5503
14.0762	-18.2464
14.0763	-22.0086
14.0788	-23.3153
14.1077	-21.3536
14.1108	-17.0585
14.1139	-14.4949
14.146	-17.0791
14.157	-19.75
14.1675	-22.6509
14.1799	-23.8036
14.1885	-20.5985
14.1919	-17.4485
14.2117	-18.3266
14.2133	-17.2257
14.2204	-20.8422
14.2278	-24.0953
14.2487	-10.2223
14.2705	-19.1442
14.2878	-19.1454
14.314	-25.949
14.3155	-9.1751
14.3172	-18.0789
14.3195	-26.0358
14.3199	-18.5397
14.3243	-14.2938
14.343	-16.7472
14.3608	-19.723
14.3628	-19.2489
14.3707	-10.8794
14.3731	-19.6082
14.3789	-25.177
14.3909	-22.2428
14.3918	-20.8198
14.4077	-19.266
14.4088	-13.0711
14.4135	-6.8351
14.4271	-21.6891
14.4345	-18.8651
14.4394	-22.8406
14.4467	-18.7106
14.4506	-22.8492
14.4573	-20.223
14.4717	-15.557
14.4724	-28.2585
14.4812	-16.0676
14.4948	-20.3797
14.4978	-22.1448
14.5009	-20.0778
14.5227	-22.6839
14.523	-14.9521
14.527	-17.6965
14.5429	-21.9501
14.5479	-22.5009
14.5483	-14.0059
14.5503	-22.4722
14.5528	-18.7227
14.5532	-17.811
14.5539	-17.464
14.5551	-24.53
14.5551	-18.7941
14.5584	-23.4909
14.576	-16.3459
14.5841	-13.2864
14.5872	-20.5209
14.5937	-10.511
14.5984	-19.3045
14.6045	-20.2978
14.605	-19.7623
14.6157	-15.8542
14.6169	-20.6939
14.6194	-26.195
14.6195	-14.7189
14.6567	-14.0264
14.6576	-21.8693
14.6637	-16.5054
14.6676	-16.8415
14.6705	-17.5022
14.6811	-22.0195
14.6817	-15.7669
14.6971	-20.056
14.6972	-23.6599
14.6984	-24.4608
14.7031	-20.9033
14.7032	-22.1163
14.705	-16.0663
14.7055	-18.5403
14.7067	-19.521
14.7147	-17.0911
14.7199	-24.6477
14.7302	-19.0511
14.7315	-15.5453
14.7354	-16.8786
14.7383	-14.9861
14.7389	-23.0641
14.7389	-17.7264
14.7539	-18.7882
14.7635	-22.9704
14.7722	-22.9288
14.7798	-17.7662
14.7812	-22.2765
14.7835	-23.2957
14.7849	-21.6037
14.7891	-18.4706
14.7901	-21.2508
14.8014	-20.5437
14.8095	-11.8872
14.8188	-17.0463
14.8262	-20.9338
14.8355	-17.4988
14.8382	-9.4558
14.8395	-22.4112
14.842	-19.0913
14.8493	-20.1036
14.8496	-20.2362
14.8698	-20.7669
14.8748	-21.0626
14.8919	-13.8065
14.9098	-19.0889
14.9154	-21.9221
14.916	-14.4897
14.9264	-24.4945
14.9429	-14.848
14.9462	-15.559
14.9467	-15.046
14.9501	-21.4918
14.9541	-17.3153
14.9572	-14.9843
14.9575	-20.8801
14.9635	-19.122
14.9642	-23.2462
14.9651	-9.2801
14.9682	-15.9405
14.9693	-19.0632
14.9705	-9.5893
14.9793	-13.0578
14.9865	-11.1498
14.9889	-21.2439
14.9992	-12.873
15.0033	-14.2689
15.0045	-9.2803
15.01	-18.6787
15.0252	-19.4478
15.0383	-19.0039
15.0411	-8.2185
15.0447	-19.7048
15.0485	-19.6105
15.0516	-14.413
15.0605	-20.0587
15.069	-18.8937
15.0754	-22.079
15.0763	-11.9419
15.0845	-18.8502
15.0873	-25.5212
15.102	-16.9909
15.1301	-15.4509
15.1363	-23.4159
15.137	-21.7574
15.1378	-10.5897
15.1492	-20.8196
15.1529	-15.6095
15.1592	-13.7386
15.1599	-13.289
15.1604	-17.3792
15.1669	-17.8169
15.1678	-17.6943
15.1717	-13.7053
15.1724	-14.5545
15.1758	-10.0102
15.182	-14.3904
15.1822	-17.4464
15.1886	-14.3814
15.1892	-22.1534
15.1934	-18.4452
15.1942	-19.0489
15.2017	-15.8037
15.2037	-11.3138
15.212	-17.3849
15.2136	-14.2927
15.2137	-15.9425
15.2151	-23.3259
15.2173	-16.6995
15.2218	-13.6973
15.223	-13.8114
15.2349	-16.0748
15.235	-13.0162
15.2449	-17.6977
15.2498	-17.5325
15.2504	-17.2105
15.2544	-17.316
15.2561	-18.9734
15.2663	-15.9681
15.2676	-17.5957
15.274	-19.8158
15.2849	-15.5885
15.2979	-22.2968
15.2994	-14.2579
15.3013	-17.8414
15.3055	-26.122
15.3096	-16.7917
15.317	-14.6957
15.3212	-9.8818
15.3269	-18.1928
15.3305	-18.3432
15.3322	-13.518
15.3382	-22.1529
15.3414	-18.7551
15.3422	-10.2927
15.3434	-11.9602
15.3438	-21.9672
15.3503	-14.9853
15.3509	-16.2053
15.3526	-18.5885
15.353	-19.0625
15.3612	-15.5209
15.3664	-20.4902
15.3689	-8.1463
15.3793	-14.3653
15.3954	-18.6132
15.4029	-10.2615
15.4093	-21.8122
15.4118	-15.3824
15.4159	-20.6183
15.4238	-21.0003
15.4242	-25.2544
15.4279	-17.109
15.4289	-16.9151
15.4299	-21.6039
15.4336	-5.5864
15.4345	-10.9704
15.44	-15.3605
15.4435	-16.3091
15.4453	-17.3893
15.448	-14.3347
15.4511	-17.0378
15.452	-17.51
15.4599	-19.1718
15.4622	-16.6743
15.4692	-18.9938
15.4747	-21.5711
15.4758	-12.0787
15.4772	-8.5077
15.4842	-20.357
15.4916	-16.6591
15.5154	-19.4733
15.5167	-18.8215
15.5232	-23.2096
15.5247	-15.0875
15.5278	-16.6913
15.5281	-12.7933
15.5348	-15.9278
15.5429	-16.3037
15.5437	-16.6064
15.5489	-18.8788
15.5495	-11.418
15.55	-20.7935
15.5513	-15.1232
15.5543	-13.0855
15.5664	-17.9146
15.5665	-17.8878
15.5691	-12.1046
15.5724	-15.8995
15.5794	-20.1934
15.5846	-17.997
15.6067	-17.6617
15.6159	-12.1489
15.6359	-12.9389
15.6404	-21.274
15.648	-17.1535
15.6483	-15.7617
15.6496	-14.4553
15.6523	-19.4401
15.6534	-11.9791
15.6584	-17.8541
15.6599	-20.521
15.6682	-11.4558
15.6692	-17.7599
15.6766	-19.1227
15.6863	-14.048
15.687	-7.9073
15.6876	-13.5782
15.6922	-20.1558
15.695	-21.4735
15.6962	-13.9289
15.701	-14.1697
15.702	-18.7066
15.7071	-9.9819
15.7086	-16.2127
15.7089	-19.2076
15.7096	-23.9946
15.7274	-10.3335
15.7318	-16.2023
15.7355	-22.8553
15.7364	-15.713
15.7476	-13.6512
15.7499	-16.06
15.7506	-23.0343
15.7508	-17.9093
15.7517	-16.4729
15.7523	-13.836
15.7574	-17.4642
15.7604	-15.8684
15.7605	-17.3187
15.7647	-16.7124
15.7677	-17.9725
15.769	-11.0511
15.7794	-15.2081
15.7891	-11.3173
15.7926	-14.4107
15.7984	-10.1085
15.7986	-12.5012
15.8019	-21.6541
15.8026	-16.5857
15.8093	-7.5942
15.8144	-17.7267
15.8159	-15.5844
15.8173	-10.2445
15.822	-17.5863
15.8233	-14.3055
15.8252	-11.2127
15.8281	-7.6454
15.8319	-9.928
15.8361	-23.8153
15.8415	-17.1078
15.8424	-12.7498
15.8436	-2.6929
15.873	-15.9489
15.8759	-18.3583
15.8792	-20.8939
15.8799	-16.1001
15.8929	-22.0046
15.8951	-14.8446
15.9033	-5.2716
15.9091	-19.3266
15.9123	-19.8577
15.922	-16.0114
15.9221	-15.3701
15.9235	-18.7057
15.9429	-7.8786
15.9494	-16.2594
15.9618	-10.1747
15.9638	-10.8375
15.9687	-8.8451
15.9708	-8.4122
15.9713	-19.1369
15.9756	-15.5629
16.0086	-20.7199
16.0157	-19.118
16.0165	-18.1585
16.0185	-17.9885
16.0278	-21.435
16.0347	-19.0089
16.0384	-9.5302
16.0391	-16.4757
16.0445	-9.741
16.0497	-11.8171
16.0579	-18.057
16.0648	-20.0847
16.0687	-22.3836
16.0701	-6.984
16.0743	-20.0233
16.0985	-17.2382
16.1167	-22.8933
16.1228	-19.769
16.1257	-10.6266
16.1326	-13.7849
16.1434	-6.1106
16.1507	-18.7361
16.1528	-21.7644
16.1561	-11.108
16.1636	-12.1886
16.1655	-17.7697
16.1719	-20.7737
16.1756	-14.563
16.1822	-22.5964
16.1903	-22.1665
16.1918	-21.4374
16.2176	-17.8545
16.2357	-19.2148
16.2609	-20.5999
16.2732	-20.1966
16.2954	-11.201
16.296	-4.7005
16.304	-18.159
16.3111	-23.6581
16.3453	-11.1335
16.3499	-9.2559
16.3662	-11.0126
16.3702	-18.3909
16.376	-9.2088
16.3868	-11.2583
16.3878	-19.5523
16.3936	-10.0361
16.4146	-12.7435
16.4554	-19.5996
16.4691	-11.5519
16.5012	-7.9808
16.5194	-22.2027
16.5207	-21.4201
16.5377	-22.1055
16.5395	-26.0185
16.5469	-9.527
16.5487	-20.3696
16.5553	-5.3662
16.5612	-20.5914
16.5631	-7.2244
16.5738	-23.8097
16.5842	-8.1019
16.5856	-11.2384
16.6299	-21.8662
16.7042	-16.39
16.7202	-8.01
16.7359	-16.0861
16.7888	-11.2193
16.7892	1.4137
16.8069	-23.6278
16.8661	-2.7274
16.8886	-8.5802
16.9533	-6.8848
16.974	-20.7668
16.9858	-3.7617
17.0024	-12.607
17.0139	-5.9348
17.0242	-25.0822
17.04	-24.8272
17.0459	-17.8547
17.0521	-9.3142
17.0553	-22.6154
17.084	-6.0343
17.1557	5.4271
17.1756	-5.9127
17.1978	-4.0429
17.3412	-5.4417
17.3588	-3.4976
17.3782	-11.2607
17.3996	-2.771
17.437	-20.3361
17.4466	-22.351
17.4962	-1.0511
17.5118	-11.7186
17.5205	-6.6241
17.5248	-3.5953
17.536	-3.3004
17.5785	-18.576
17.5896	0.0296
17.6234	-18.6675
17.6278	-0.9051
17.7738	0.5499
17.8428	-1.2273
17.8965	0.1628
17.9031	0.3453
17.9183	-0.9253
17.9794	-22.7008
17.9971	-24.1387
18.0084	-4.8698
18.017	-19.6232
18.035	-5.9634
18.0396	-4.6409
18.0938	-5.7479
18.1196	1.3569
18.125	-1.7313
18.168	-4.5516
18.2337	-4.6975
18.2448	-22.5671
18.2472	-4.4426
18.2849	-5.1139
18.3001	-22.2738
18.307	-4.8595
18.3109	-1.729
18.3158	-2.9255
18.3217	-0.4441
18.3292	-16.0019
18.3816	-8.5108
18.3982	-2.9826
18.4249	-8.8051
18.4277	1.835
18.4352	3.2872
18.4362	-0.8864
18.4467	-0.5316
18.4561	-9.543
18.5036	-1.8373
18.5052	-10.0875
18.5122	0.4182
18.5523	-0.0379
18.5649	1.2979
18.6082	-0.7549
18.6331	-0.1109
18.6498	-1.8791
18.6641	0.2947
18.6699	-3.1356
18.6876	-2.6299
18.7343	-2.1126
18.735	-2.2807
18.74	-0.7343
18.7986	-0.7325
18.81	-9.7674
18.8197	-0.5786
18.8199	-11.1094
18.8597	-3.4139
18.87	-0.8191
18.8868	-2.3907
18.899	-3.5074
18.9059	-6.1928
18.9131	-0.4394
18.9199	-3.2392
18.9311	-9.1865
18.934	-3.8981
18.9428	-5.4516
18.9438	-3.64
18.9513	-5.3356
18.9757	-10.3914
19.0072	-3.4305
19.0168	-3.3065
19.0363	-3.9769
19.0596	-5.1716
19.0826	-11.2194
19.1128	-1.9542
19.142	-4.4067
19.1652	-3.213
19.1747	-2.1306
19.1784	-3.1646
19.1948	-2.2523
19.2165	-4.8906
19.2319	-1.9101
19.236	-3.5151
19.2411	-3.0645
19.2613	-5.6145
19.2802	-0.1928
19.2846	-5.7229
19.2908	-5.2564
19.3018	-5.1299
19.3273	-1.7042
19.3283	-3.935
19.3551	-6.3558
19.3583	-5.8462
19.3623	-1.315
19.3789	-5.5476
19.386	-2.6856
19.3936	-7.7794
19.3974	0.2334
19.4084	-1.4173
19.412	-1.1547
19.4292	-0.7675
19.4373	-4.6191
19.444	-5.8101
19.4674	-4.6353
19.4702	-5.4813
19.5087	-6.7115
19.5432	-5.3947
19.5683	-4.4389
19.5816	-2.6049
19.5906	-5.493
19.6074	-5.0205
19.6097	-10.6874
19.6307	-4.6026
19.6332	-0.0909
19.6345	-3.5029
19.6396	-4.8837
19.6493	-5.5903
19.662	-1.6539
19.6696	-12.2307
19.684	-2.694
19.6863	-3.9076
19.7025	-1.2315
19.7039	-3.1877
19.7192	-4.5425
19.7202	-0.8055
19.7217	-1.8723
19.7217	-3.4838
19.7244	-5.9317
19.7312	-4.798
19.7666	-6.0114
19.7723	-11.4807
19.7745	-4.6367
19.78	-2.5615
19.8037	-6.8766
19.8239	-4.3999
19.8284	-0.1344
19.834	-10.8906
19.8388	-5.7256
19.8545	-4.2144
19.9026	-6.1238
19.9208	-2.2098
19.9219	-4.0226
19.9285	-4.3394
19.9303	-2.9701
19.9378	-5.4173
19.9404	-6.3931
19.9463	-6.3982
19.9466	-4.8906
19.9518	-3.8093
19.9519	-0.5968
19.9593	-6.8125
19.9714	-7.5479
19.9852	-10.4851
19.9923	-4.2256
20.0144	-2.6865
20.0148	-7.5221
20.0159	-10.0316
20.0293	-2.676
20.0423	-6.3253
20.0427	0.3551
20.0495	-5.2803
20.0604	-10.4992
20.0727	-4.4473
20.0739	-3.506
20.0865	-3.5131
20.089	-7.2929
20.0948	-6.8473
20.097	-4.693
20.1138	-7.6738
20.1142	-3.7237
20.1191	-5.4439
20.1228	-7.0571
20.1232	-4.8554
20.125	-5.3199
20.1293	-3.8888
20.1327	-3.7548
20.1507	-2.9094
20.1557	-5.9465
20.1603	-3.139
20.1606	-9.5169
20.161	-1.8995
20.161	-6.9502
20.1714	-6.8949
20.1745	-3.7105
20.1823	-0.9793
20.1886	-0.5754
20.2106	-4.7096
20.2203	0.8735
20.2259	-10.8778
20.2281	-8.3806
20.2301	-5.0304
20.2367	-7.9713
20.2422	-5.2615
20.2441	-7.4675
20.2466	-4.9318
20.2626	-10.5596
20.2753	-7.466
20.2787	-3.2435
20.2835	-9.0744
20.293	-2.7159
20.3097	-7.371
20.3105	-4.6765
20.3135	-4.2374
20.3276	-2.7914
20.3298	-7.0535
20.3342	-5.0353
20.3352	-5.2741
20.3398	-5.4237
20.3419	-4.2122
20.3453	-10.3071
20.3606	-9.2661
20.3659	-9.4266
20.3666	-1.6636
20.3704	-6.9956
20.3748	-4.6854
20.3896	-1.8114
20.3913	-6.3518
20.3948	-3.1329
20.3953	-7.1423
20.3958	-3.2685
20.3988	-6.9145
20.4052	-7.2219
20.4057	-3.7048
20.4127	-6.0934
20.4193	-0.8293
20.4206	-8.5112
20.4211	-1.0693
20.4257	-3.4495
20.4476	-4.2918
20.4561	-3.0277
20.4647	-6.3195
20.4693	-5.8544
20.4794	-6.6929
20.4833	-5.9595
20.4846	-3.0694
20.4902	-7.9895
20.4906	-4.6513
20.4907	-5.0204
20.497	-6.5282
20.5034	-9.4448
20.5038	-6.4655
20.5149	-3.8881
20.5157	-4.2274
20.5212	-6.6026
20.5288	-4.4629
20.5556	-6.1317
20.5583	-5.2779
20.5587	-5.4965
20.5634	1.5842
20.5661	-0.414
20.5752	0.8926
20.5854	-0.7771
20.5908	-4.9664
20.6022	-2.0751
20.6051	-5.9747
20.6167	-5.53
20.6407	-3.7516
20.6407	-3.6692
20.6456	-7.0497
20.6519	-2.0351
20.6613	-4.9026
20.6614	-7.0729
20.6617	-5.0706
20.6717	-1.1595
20.6806	-5.0214
20.6833	-8.558
20.6847	-5.2109
20.6858	-9.7184
20.6869	-4.4805
20.6904	-5.6152
20.7084	-6.6792
20.7214	-5.8028
20.7235	-4.9112
20.724	-3.1845
20.7265	-7.3891
20.7279	-2.3507
20.7288	-8.2592
20.7315	-11.0606
20.7367	-3.3113
20.7438	-0.6054
20.7485	-6.6344
20.7533	-4.1883
20.7661	-7.6745
20.7703	-7.1202
20.7715	-2.2529
20.7852	-5.2197
20.7874	-3.2683
20.8015	-5.2016
20.8093	-4.7467
20.8188	-8.4225
20.8192	-11.4015
20.8207	-6.9441
20.8342	-6.9205
20.8349	-7.9669
20.836	-6.6095
20.8471	-4.9236
20.8523	-6.9919
20.853	1.8101
20.856	-3.1153
20.86	-5.5368
20.861	-3.0961
20.8633	-5.4379
20.8657	-7.2762
20.8662	-6.4209
20.8701	-5.272
20.8759	-6.5092
20.9138	-10.9659
20.9168	-0.0978
20.9217	-1.4142
20.9283	-6.1356
20.9338	0.0272
20.9368	-8.0415
20.9451	-7.9745
20.9482	-10.3613
20.9528	-3.6957
20.9553	-1.0159
20.9556	-7.8045
20.9568	-7.4429
20.9571	-5.2016
20.9615	-3.5809
20.9638	-6.873
20.9712	-7.6976
20.9721	-10.9639
20.9722	-10.3194
20.9984	-8.5743
21.0076	-2.1721
21.0134	-4.6601
21.0135	-9.5236
21.0157	-5.5358
21.0187	-11.6033
21.0262	-1.134
21.0409	-1.1671
21.0465	-0.4379
21.0543	1.103
21.0579	-7.0327
21.0594	-7.2373
21.0757	-6.8353
21.0789	-8.0347
21.0909	-8.0042
21.1014	-6.6424
21.1071	-5.3403
21.1083	-7.8948
21.1179	-6.5354
21.1199	-10.4195
21.1227	-6.8634
21.1288	-4.4724
21.1351	-0.6749
21.1359	-7.501
21.1372	-11.2695
21.138	-7.8944
21.1463	-1.0165
21.1569	-4.0832
21.1686	-2.3678
21.1693	-5.4123
21.1704	1.9354
21.1751	-0.8699
21.1864	-0.4453
21.1869	-7.3534
21.1985	1.1365
21.2017	0.3126
21.2035	-3.9575
21.2051	-1.2276
21.2237	-10.5271
21.2239	-3.0626
21.2281	-8.9944
21.2494	-7.2846
21.2505	-9.815
21.251	-9.9283
21.2561	-10.5139
21.2638	-9.17
21.2697	-3.3509
21.2788	-0.8884
21.2836	-5.8781
21.2842	-11.1715
21.2856	-5.1217
21.2889	-8.8597
21.3028	-12.4023
21.3064	-4.3635
21.3123	-9.13
21.3136	-10.2039
21.3237	-8.5279
21.3241	-8.7891
21.3264	-4.0683
21.3301	-8.5236
21.3302	-1.3308
21.3336	-7.2564
21.334	-7.8736
21.335	-10.3847
21.3388	-0.9282
21.3397	-7.423
21.3408	-3.6318
21.3501	-0.6591
21.3521	2.5765
21.3682	-5.2367
21.3704	-9.9514
21.3781	-11.6462
21.3807	-10.5556
21.3813	-1.424
21.3842	-10.367
21.3874	-1.4554
21.3903	-7.4881
21.3923	-10.3053
21.3933	-3.6585
21.3952	-9.601
21.4041	-7.5074
21.4064	-4.094
21.4178	-5.6575
21.4179	-6.5116
21.4199	-7.5009
21.42	-9.491
21.4214	-2.0448
21.4233	-1.0274
21.4252	-4.8688
21.4253	-9.0905
21.427	-5.0937
21.4456	-0.9858
21.4462	-9.0317
21.4511	-9.8884
21.4734	-6.7124
21.4817	-6.6814
21.486	-14.243
21.4906	-6.635
21.4925	-1.41
21.5004	-8.4888
21.5081	-9.8795
21.5123	-12.7002
21.5137	-7.7
21.5163	-9.6007
21.5166	1.7461
21.5175	-9.8691
21.5217	-10.2933
21.5406	-0.2879
21.5418	-0.2169
21.5463	-10.6287
21.5501	0.1166
21.552	-7.9239
21.5576	-0.6643
21.5612	-7.6335
21.5626	-0.2231
21.5643	-11.9237
21.5775	-4.8713
21.5822	-0.5924
21.5825	-14.0697
21.5837	-1.0404
21.5916	-10.2612
21.5919	-6.9458
21.5983	-6.3512
21.599	-11.151
21.6008	-11.0875
21.6069	-5.9963
21.6149	-9.2674
21.617	-2.6742
21.6187	-10.9086
21.6187	-7.9209
21.6229	1.6807
21.6328	-8.9743
21.6393	-1.5007
21.6447	-10.0071
21.6453	-6.593
21.647	-3.7529
21.6494	-11.4932
21.6505	-9.4544
21.6517	-3.1777
21.6546	1.3352
21.6567	-0.897
21.6601	-12.7123
21.6605	-3.1134
21.6621	-7.1574
21.6624	-12.1756
21.6715	-0.942
21.672	-1.7158
21.6723	-12.9337
21.6738	-13.9153
21.6768	-2.0198
21.6857	-0.036
21.6879	-5.0103
21.6917	-8.7773
21.6918	-4.179
21.6927	-12.8536
21.695	-3.5153
21.6965	-6.11
21.6987	-6.7249
21.7039	-11.7556
21.7065	-1.0208
21.7094	-5.2614
21.71	-8.0715
21.7123	-2.7225
21.7139	-10.575
21.7206	-0.4616
21.7327	-7.6602
21.7369	-1.1556
21.7474	-9.8706
21.7543	-1.7775
21.7561	-3.9605
21.757	0.5764
21.7651	-11.7382
21.7667	-8.0387
21.7675	-9.4287
21.7675	-9.2207
21.7698	-13.8282
21.7701	-0.8259
21.7737	-10.5109
21.7747	1.5004
21.7764	-8.8605
21.7784	-10.9864
21.7909	-8.8554
21.792	-8.1314
21.7948	-7.5538
21.7986	-10.2472
21.8008	-9.8823
21.8026	-9.0527
21.8099	-12.7936
21.8151	-13.5327
21.8167	-0.4191
21.8172	-10.9374
21.8188	-8.5941
21.8206	-10.4387
21.8266	-6.152
21.827	-10.2657
21.8288	-1.0788
21.8342	-9.5367
21.8398	-8.8257
21.8421	-13.9248
21.8432	-6.9458
21.8465	-0.6253
21.8482	2.41
21.8487	-10.9523
21.8585	0.0261
21.863	-9.0286
21.8654	-9.3664
21.8694	-8.6254
21.8723	-8.2244
21.8729	-8.4049
21.8736	-8.0072
21.8754	0.8936
21.8774	-6.0311
21.8835	-8.7345
21.8862	-9.5462
21.8894	-8.2014
21.89	-10.2566
21.8912	-5.5601
21.8946	-12.2759
21.8965	-5.605
21.8977	-2.9685
21.8979	0.1248
21.9075	-0.4024
21.9092	-9.2164
21.91	-13.0268
21.9103	-8.1438
21.9137	-12.787
21.921	1.6022
21.9238	-7.2685
21.9281	-8.8573
21.9294	-10.8377
21.9329	-6.9963
21.9413	-5.6345
21.9493	-7.8561
21.9608	-1.1518
21.9629	-6.6831
21.9682	-10.1554
21.9696	-0.4819
21.9779	-11.0103
21.9806	-2.1661
21.9857	-9.9799
21.9871	-8.48
21.9993	-6.8828
22.0065	-13.4464
22.0112	-7.9977
22.0114	-11.8847
22.0333	-14.5373
22.0548	-10.3708
22.0602	0.1095
22.0616	0.4712
22.0679	-7.4235
22.0711	0.5784
22.073	-0.7112
22.0763	0.0003
22.0776	-7.7088
22.0853	-12.1013
22.0908	-11.2124
22.0928	-1.6135
22.0949	-7.1314
22.106	1.4276
22.1221	-7.6985
22.1263	-7.2284
22.1383	-14.2664
22.1432	-9.8213
22.1485	-12.9678
22.1488	-7.9
22.1528	-1.2231
22.168	-10.6285
22.1696	-3.6407
22.1713	-6.0732
22.1715	-5.4824
22.1815	-9.1934
22.1848	-8.6507
22.1858	-12.7206
22.1859	1.8824
22.1909	-7.1847
22.1952	-11.4196
22.2074	-0.4662
22.2102	-0.9564
22.2107	-5.4786
22.2263	-0.4092
22.2493	-6.9124
22.2525	-0.4239
22.2565	-1.4646
22.2573	-0.3409
22.2577	-10.5424
22.2683	-11.9697
22.274	1.329
22.2887	-2.3364
22.2942	-9.1106
22.3082	-8.0076
22.3127	-10.684
22.3147	-7.2888
22.3243	1.3945
22.3325	-6.5306
22.3619	-4.456
22.3725	-8.1803
22.3728	-10.1752
22.3729	-5.8046
22.3734	-1.1331
22.3735	-3.9085
22.3746	0.0107
22.3761	-0.3482
22.3762	-0.8783
22.3829	-6.2638
22.3974	-1.3839
22.3977	1.1688
22.4133	-11.6252
22.4169	-3.4438
22.4339	-12.1636
22.461	-4.1349
22.4746	-9.0539
22.4826	-6.1131
22.4917	0.4951
22.5082	-11.3593
22.5145	1.9525
22.5298	-0.1471
22.5435	-5.9519
22.5488	-0.0373
22.558	1.5207
22.559	-0.925
22.5769	-4.33
22.5827	-4.7335
22.5891	-1.3671
22.5953	1.2375
22.5957	-1.8885
22.5986	1.4669
22.6002	-0.9645
22.6078	-2.9217
22.6279	3.2467
22.6282	-6.2408
22.6503	1.3393
22.6542	-10.6366
22.6553	1.454
22.6738	-1.533
22.6742	-2.7331
22.6899	-7.7196
22.7271	-1.7514
22.7285	1.5583
22.7371	1.7424
22.7379	-0.0515
22.7419	-4.7756
22.7589	-0.7952
22.7726	-1.296
22.7854	-0.6293
22.7955	-0.2124
22.8227	-0.2883
22.8271	-0.2838
22.8386	2.1407
22.84	1.6928
22.8493	1.2466
22.8514	-1.2461
22.8545	-4.6386
22.8707	1.5075
22.8867	-4.3818
22.8925	-5.2793
22.9086	-0.0606
22.9103	1.3177
22.9241	1.3235
22.9317	-9.0239
22.9375	1.2979
22.9395	3.111
22.9474	-2.0564
22.9543	-7.8335
22.9571	-1.2612
22.9773	1.3814
22.983	0.5075
22.9919	-1.1686
22.9998	-1.4788
23.0115	1.7142
23.0306	1.0128
23.048	1.3285
23.0492	-0.6853
23.0806	1.7585
23.0821	0.3344
23.0867	1.912
23.0944	-0.328
23.1004	-4.7031
23.1045	-2.8788
23.1152	-0.5819
23.1328	-7.7464
23.1372	2.9123
23.1406	-0.6721
23.1457	1.4373
23.1481	1.1905
23.1589	-0.8422
23.1603	0.9702
23.164	1.3736
23.166	1.3804
23.1739	-1.5722
23.1827	0.2946
23.1906	-3.5795
23.1911	0.9164
23.2084	1.0717
23.2143	-3.1482
23.2146	-2.158
23.245	1.2933
23.2509	0.4145
23.2549	1.0955
23.2635	-1.9724
23.2772	1.7306
23.2963	0.7077
23.3222	1.5364
23.3307	1.202
23.332	1.0533
23.3594	1.7319
23.3729	-0.1149
23.3799	1.5108
23.3924	-0.6254
23.3934	2.2799
23.3951	1.0771
23.3999	1.9883
23.4026	-1.3153
23.4063	-3.3797
23.4267	-6.084
23.4516	-0.2366
23.4531	-1.9661
23.4535	2.528
23.4535	-2.9007
23.4616	-0.2195
23.4624	-0.1181
23.4695	2.1633
23.47	1.6666
23.476	1.2278
23.5015	2.2028
23.5073	-3.9104
23.5155	1.8466
23.5318	1.3992
23.5406	1.8873
23.5524	1.1958
23.563	1.4737
23.5729	1.7576
23.581	2.2542
23.5965	0.6688
23.6011	-1.2323
23.6266	1.0909
23.6276	-0.7753
23.6333	1.944
23.6464	0.5298
23.6788	2.1876
23.6792	1.7866
23.7167	2.2523
23.7256	2.0786
23.7284	-3.8205
23.7405	1.3021
23.7745	-1.8865
23.7975	0.0627
23.7983	-1.665
23.8076	-2.1424
23.8554	-2.7021
23.8606	-2.662
23.8949	-1.2715
23.8976	1.3251
23.9012	1.0985
23.9239	-1.659
23.9499	1.5376
23.9515	1.8406
23.975	-2.125
23.9813	1.1249
23.9981	1.4552
24.01	1.4837
24.0161	-2.8883
24.0548	2.2186
24.0554	-4.1793
24.0702	1.1512
24.0816	-1.7502
24.085	2.7322
24.1072	0.2057
24.1156	1.886
24.1176	1.3947
24.1505	1.242
24.156	-0.2286
24.1581	0.8587
24.1757	-2.3258
24.1828	1.176
24.2156	1.7792
24.234	2.0962
24.2448	1.427
24.2494	-4.1954
24.2565	2.0168
24.2615	1.6217
24.2784	-3.8705
24.2861	-0.9214
24.3019	1.2452
24.3038	-3.8013
24.3103	-3.8497
24.3203	1.1045
24.3219	1.2549
24.3363	2.8635
24.4181	-2.0978
24.4202	-5.0994
24.4581	2.5207
24.4613	1.1386
24.5184	1.3768
24.5199	1.191
24.5374	0.242
24.5801	-2.4591
24.5917	3.5549
24.6398	2.3548
24.6437	1.3156
24.6508	-3.379
24.6707	-4.6024
24.6711	1.4342
24.681	2.0004
24.7049	2.4785
24.7152	2.9372
24.7175	1.3642
24.7362	2.5242
24.7407	1.4126
24.7464	-0.0972
24.7631	2.1999
24.766	1.0936
24.781	2.4422
24.7976	2.3153
24.8048	2.1994
24.8633	0.8306
24.8663	0.7783
24.8719	1.1084
24.8909	1.33
24.8965	1.5439
24.9166	-2.607
24.932	1.0617
24.9343	-3.0908
24.9369	1.5356
24.9636	1.2799
24.9733	1.1695
25.0019	2.6022
25.0199	2.0956
25.0484	2.194
25.0579	-0.858
25.0705	-2.8972
25.0973	-1.8165
25.1032	2.7179
25.1152	-2.8019
25.1229	1.971
25.125	0.5469
25.1277	-2.7045
25.1362	1.1413
25.1403	1.277
25.1405	1.6386
25.1435	-1.4005
25.1593	-0.345
25.1824	1.2027
25.1825	1.1977
25.1826	-3.5067
25.1889	-3.466
25.2017	-4.2513
25.2031	-5.3986
25.2095	-3.0212
25.2243	-2.369
25.2363	1.0413
25.2367	1.3746
25.2573	-5.1637
25.2851	1.8438
25.2867	-0.2943
25.3258	-4.1351
25.3319	0.344
25.3335	-3.9407
25.3346	-1.3287
25.3377	1.6676
25.3416	-4.0317
25.3651	-0.7759
25.3664	-2.4374
25.3688	1.8634
25.3726	-4.2728
25.4127	-1.1426
25.4192	-2.1761
25.438	-5.2919
25.4567	-3.5881
25.4648	-3.4226
25.4654	1.4404
25.4722	-3.1239
25.473	-4.7412
25.4736	-0.1159
25.4798	0.6666
25.4838	-2.3707
25.4919	-4.343
25.5033	-5.36
25.5056	-4.359
25.5225	0.9931
25.5278	-0.8728
25.539	-2.4432
25.5512	1.0327
25.5561	-2.5313
25.5564	-2.7764
25.5584	-1.3396
25.5601	-0.6564
25.5613	-1.064
25.5662	2.087
25.5743	1.1835
25.5839	-4.7763
25.5867	-0.0617
25.5877	2.3029
25.5901	-3.8167
25.5963	0.4478
25.6149	-5.3029
25.6244	0.7933
25.6246	-2.7268
25.6323	-3.0203
25.6367	-0.1507
25.6469	-3.267
25.6522	-1.3536
25.6769	-0.9961
25.71	1.0824
25.7211	-2.7161
25.7273	-3.7794
25.742	-3.2689
25.7481	-4.7763
25.7655	-8.8188
25.7689	-4.0197
25.782	-5.0468
25.7823	-4.1404
25.7888	1.1803
25.7893	-3.3557
25.7896	1.202
25.8036	-4.0672
25.8042	-7.1216
25.808	-5.286
25.8092	-5.4226
25.8115	1.6551
25.8191	1.3688
25.8201	-2.7456
25.8219	-1.387
25.8267	-4.3525
25.8314	-4.0315
25.8414	-2.2747
25.8461	-5.4855
25.8514	-0.1244
25.8534	-1.4405
25.8605	-1.1297
25.885	1.8972
25.8904	-2.3111
25.898	-3.033
25.9022	-4.1743
25.9038	-1.6215
25.9129	-2.1254
25.9233	1.4478
25.9239	-2.1747
25.9282	-2.137
25.9289	1.9533
25.9593	-2.851
25.9708	2.3505
25.9724	2.0209
25.9807	1.0536
25.985	-0.4642
25.9872	1.2401
25.9894	-6.8082
25.9972	-5.7941
25.9992	-2.7788
26.0059	1.3894
26.009	1.9003
26.0145	-2.5336
26.0146	0.3194
26.0163	1.4431
26.0437	-0.6293
26.0449	-8.387
26.0485	-4.0936
26.0662	-4.3783
26.0871	0.0289
26.0903	-2.5314
26.0939	-1.9192
26.0969	-1.4255
26.1045	-3.5
26.1068	-4.0172
26.1264	1.4742
26.1281	1.2054
26.1308	2.1449
26.1397	0.6166
26.1398	-0.8332
26.1441	1.9517
26.1545	-6.0004
26.1562	-7.5858
26.1568	0.9829
26.1604	-2.9096
26.1654	-0.4571
26.1716	-0.3984
26.1736	1.4293
26.184	-0.3624
26.1863	1.3457
26.1929	-7.0401
26.1978	0.5049
26.2055	-2.2408
26.2108	-5.9379
26.2333	-1.2438
26.2337	-1.2794
26.2476	-2.6228
26.2485	-6.2816
26.2686	-1.3421
26.2712	2.0845
26.2877	-3.8757
26.2953	-1.7885
26.296	-1.0263
26.3015	-6.4217
26.3031	-3.5583
26.3049	-0.7964
26.3054	-2.4478
26.3057	-1.4956
26.3119	-0.2396
26.3179	-3.3565
26.3206	-2.5849
26.3207	3.8961
26.3234	-3.7595
26.3259	0.2787
26.3328	-2.7409
26.3372	-4.6837
26.3374	1.5774
26.3456	1.572
26.3481	-5.3878
26.3515	-0.7019
26.3544	-2.9283
26.3562	-2.6089
26.3572	-3.1442
26.3627	-2.2694
26.372	-5.5495
26.3807	-2.7572
26.3817	-0.8667
26.3822	0.7997
26.3847	-2.3392
26.3968	-3.5603
26.4084	-4.3266
26.4198	0.4804
26.4464	-1.1577
26.4496	-3.7661
26.4508	-3.5932
26.4534	-3.8371
26.4609	0.2036
26.4651	-1.9758
26.4652	-3.5146
26.4658	-2.5017
26.4691	-5.3878
26.4759	1.3902
26.477	-3.0583
26.4836	-3.4142
26.4858	1.5957
26.4939	-0.9091
26.4946	-1.3576
26.4947	-3.1323
26.509	-0.6981
26.5095	-4.4529
26.5113	-1.6204
26.5204	-1.6616
26.5231	3.8028
26.5235	-5.8406
26.5306	1.2511
26.5346	-4.7197
26.5678	-4.712
26.5749	-4.294
26.5759	-2.6744
26.5829	-2.1416
26.5873	-0.9737
26.5893	-5.9478
26.5968	-2.4241
26.5977	-2.3619
26.6106	-3.3806
26.6223	1.7686
26.6292	-2.5319
26.6392	-2.5385
26.641	-3.3773
26.6459	-3.2115
26.6511	-2.606
26.6554	1.4892
26.6572	-2.1719
26.6582	-2.687
26.6611	-2.2583
26.6612	-2.7775
26.6711	-2.0704
26.688	-3.2689
26.6902	-2.5582
26.6915	1.4058
26.6991	0.0376
26.7139	-3.5411
26.7208	-3.7737
26.7289	-7.5212
26.7296	-1.9005
26.7473	-4.8033
26.7474	-3.2323
26.7534	-2.2334
26.7546	-1.2648
26.7572	-3.1771
26.7586	-3.2658
26.76	-5.9016
26.7661	-5.2795
26.7701	-0.4995
26.7914	1.3044
26.8124	1.2485
26.8188	-0.7722
26.8206	-6.7146
26.8322	-1.7295
26.8368	-0.4161
26.8428	-3.8811
26.8428	-5.5749
26.8441	-3.4601
26.8558	-3.5604
26.8584	0.1868
26.8628	1.2247
26.8629	-3.2518
26.877	-4.1507
26.8772	-3.023
26.8838	3.1695
26.8851	-0.6984
26.8881	1.3269
26.8937	2.1251
26.9023	-1.9949
26.9132	1.6678
26.914	-1.7404
26.9143	0.5612
26.9183	1.161
26.9184	-4.189
26.9206	-0.2126
26.9276	-0.5864
26.9402	-4.6213
26.9535	-1.9616
26.9652	-0.1182
26.9674	-1.5586
26.982	-0.7852
26.9888	-4.6348
26.9893	-2.1338
26.9942	-6.3685
26.9949	-3.9334
26.9989	-3.157
27.0119	0.4171
27.0161	-0.8172
27.0183	-3.3323
27.0183	-6.8067
27.0185	-1.5724
27.021	-0.6403
27.0232	-0.4948
27.0303	-0.8335
27.0349	1.0644
27.0432	-7.0364
27.0448	1.5705
27.0499	-3.2173
27.0685	-3.5411
27.0726	-1.7073
27.0855	1.0359
27.09	1.2999
27.0929	-1.3988
27.0934	-2.9714
27.0937	-7.8272
27.0941	0.028
27.0944	1.0146
27.0983	-2.4684
27.1021	0.37
27.103	-1.721
27.1054	-3.4783
27.1162	-2.0904
27.1195	1.6244
27.1308	-5.3818
27.1468	-2.1407
27.1515	-2.7315
27.1558	0.3264
27.1662	0.7175
27.1777	-5.5874
27.1788	-0.5829
27.1847	-2.6197
27.189	-1.7709
27.1984	-0.7336
27.2074	-4.1569
27.2151	-6.9372
27.2264	2.1982
27.2302	-1.2923
27.2332	-3.5637
27.2342	-1.5501
27.2376	-2.9482
27.2425	-5.8143
27.243	1.2229
27.243	-4.1754
27.2441	0.4989
27.2516	-1.6465
27.2572	-1.4959
27.26	-2.6635
27.2752	-3.4522
27.2812	-2.5472
27.2901	-2.9666
27.3045	-2.6153
27.331	1.0957
27.3373	-2.8526
27.3422	-0.8897
27.3509	1.4084
27.3527	-0.987
27.3592	1.4449
27.3697	-4.7205
27.3734	-7.8147
27.3743	-1.2609
27.3845	-7.2195
27.3923	-7.572
27.4019	-4.4579
27.4044	-2.6806
27.4096	-1.4648
27.4144	-3.0367
27.417	-4.316
27.4234	0.495
27.4245	-1.9139
27.4349	0.9794
27.4426	1.1861
27.4444	1.6126
27.4459	1.1977
27.447	-3.2861
27.4475	1.461
27.4519	-3.6716
27.4536	-3.7019
27.4552	-1.0815
27.4593	0.7365
27.4662	-5.0544
27.4671	1.4353
27.4715	0.2838
27.4743	-2.9649
27.4879	-4.3282
27.5042	-1.8487
27.5075	-0.9466
27.5218	-3.6146
27.5278	1.3386
27.5319	-1.7389
27.5392	-5.0449
27.5453	-4.2605
27.546	1.4131
27.5572	-6.052
27.5787	-3.1141
27.5811	1.2172
27.5849	1.2332
27.585	-3.6493
27.6267	-0.0103
27.6567	0.3824
27.6589	-2.9229
27.6761	-1.7139
27.705	-0.8796
27.7134	0.6092
27.7224	-3.143
27.7254	-6.4611
27.7416	-3.8185
27.7464	-2.6494
27.766	-7.9431
27.7665	1.3323
27.7726	-5.1358
27.7777	-2.4115
27.7798	-1.5223
27.7849	1.0734
27.7858	-0.6127
27.8054	-2.1716
27.8056	-3.2328
27.8116	-7.6327
27.8141	-2.9465
27.8143	-0.7494
27.8174	-6.3964
27.8305	0.8363
27.8359	-3.2878
27.8367	-1.1608
27.841	0.3066
27.88	-2.9273
27.896	0.6627
27.9	1.3107
27.9149	-5.5933
27.9151	-6.3422
27.9164	1.5552
27.9221	-2.9128
27.9397	0.3248
27.9439	-3.5696
27.9443	-3.5953
27.9665	-3.4631
27.9672	1.0896
27.9693	1.3889
27.9825	-2.1582
27.9827	-0.1542
27.9893	-2.9172
28.0247	1.4572
28.0455	-0.1439
28.052	-3.9888
28.0568	-2.9012
28.0647	-2.438
28.0741	-4.4004
28.1305	1.2926
28.1325	0.6322
28.2247	1.1496
28.2401	1.2573
28.2823	-5.2007
28.3	-2.426
28.3243	1.0574
28.3249	-0.4575
28.342	-3.5721
28.3625	1.1944
28.375	-0.6375
28.383	1.0422
28.3934	0.97
28.4204	1.0854
28.4587	0.9852
28.4637	-0.4725
28.4638	1.2219
28.4709	0.877
28.4868	-2.7588
28.4873	1.4321
28.5205	1.1256
28.524	0.9691
28.5292	-2.2141
28.5326	1.6751
28.5444	-0.1441
28.5571	1.1634
28.5615	0.7941
28.5667	-2.3107
28.5686	-0.087
28.6175	-1.9268
28.6364	-2.7506
28.6612	1.3992
28.7119	-0.2887
28.7121	0.2189
28.7138	0.0995
28.7364	0.9407
28.7767	0.9172
28.7796	0.1998
28.7816	1.3041
28.8118	1.0126
28.8244	1.8449
28.8355	0.5017
28.8364	0.9975
28.8532	-4.3886
28.8696	0.9517
28.8809	1.005
28.9209	1.2809
28.9232	0.4613
28.9426	-1.9508
28.9426	1.3611
28.9462	1.4345
28.9626	1.0241
28.9716	-0.1258
28.9725	0.7816
28.9808	0.7615
28.9988	0.0186
29.0153	1.4914
29.0287	0.9288
29.0318	1.2726
29.0616	-0.0238
29.1178	1.9164
29.1321	1.1228
29.1376	1.3179
29.1574	1.5877
29.1615	0.7975
29.1748	0.9262
29.1935	0.8489
29.209	0.6383
29.222	0.2878
29.2234	-3.4784
29.2415	-1.0105
29.2509	-0.1357
29.2808	-3.9611
29.2917	2.0625
29.2928	1.665
29.3042	-0.1047
29.3073	-1.8754
29.3227	1.33
29.3228	0.4692
29.4546	1.1526
29.4643	0.2254
29.4774	0.7154
29.4867	0.7517
29.4916	0.9022
29.4949	0.7818
29.5125	-0.2539
29.5148	-2.8505
29.5282	1.7243
29.5655	0.8827
29.5668	-1.6928
29.5709	1.7605
29.6	1.294
29.6393	-0.1604
29.646	1.2754
29.6669	0.9432
29.6912	1.0758
29.7175	0.9627
29.764	0.7897
29.7755	0.8823
29.7912	-0.8924
29.8067	1.58
29.8131	0.4452
29.8191	0.4336
29.8286	0.9201
29.8332	1.1073
29.8813	1.9372
29.8839	1.4874
29.8944	0.9624
29.8975	0.8669
29.8983	-0.5165
29.9422	-0.2604
29.9428	0.9793
29.9512	0.8226
29.9562	0.0888
29.9571	0.6668
29.9598	0.4612
29.9606	-0.2746
29.9637	-1.133
29.9869	1.2526
30.0172	0.4903
30.0185	-1.9497
30.0229	1.2658
30.0311	0.2645
30.0569	4.0247
30.0607	-0.3941
30.0662	-2.1496
30.0673	-0.9771
30.0688	-0.6788
30.0772	0.3569
30.0867	0.8655
30.0892	-0.1948
30.0947	0.2235
30.1057	0.5717
30.1225	-2.4485
30.1378	0.0169
30.1462	-1.0952
30.1802	-1.3775
30.1833	0.7932
30.1872	0.504
30.217	0.6615
30.2502	1.4241
30.2613	-0.5852
30.2614	0.7341
30.2666	1.1367
30.2721	1.2361
30.2722	-2.2534
30.2856	1.0284
30.3007	0.9522
30.3841	1.6905
30.3975	1.0374
30.4142	0.1502
30.4376	-1.0238
30.4418	1.2819
30.4495	-3.2709
30.4929	-1.5983
30.5179	-1.1428
30.5204	-0.6699
30.5588	1.139
30.5736	0.8573
30.583	0.57
30.5846	-0.0543
30.6201	0.176
30.6316	0.6891
30.6395	-0.0374
30.6636	-0.5776
30.7279	0.6186
30.7681	1.6464
30.7706	-0.0239
30.7768	1.0492
30.7957	0.7416
30.7969	1.5836
30.8271	-0.5445
30.8503	-2.8423
30.8636	-0.2908
30.884	1.2141
30.8845	-0.8664
30.9018	0.3643
30.9239	0.9368
30.935	1.1595
30.9466	0.0242
30.9764	-2.7162
30.9798	1.0198
31.0563	-1.0553
31.0753	-1.5526
31.0854	-3.0855
31.1122	0.929
31.1602	-0.7821
31.2417	-0.8259
31.2565	-0.5758
31.2982	1.0667
31.3831	0.7574
31.3915	0.7387
31.4176	0.5733
31.4522	-2.1576
31.4926	1.4339
31.5347	-0.2862
31.5767	-1.7715
31.5972	-0.3707
31.7012	-1.8027
31.7185	-0.9422
31.8806	-2.881
31.9717	-1.103
31.9762	1.5806
31.9936	0.6407
32.0124	-1.0851
32.0141	1.1087
32.017	-2.1782
32.0412	1.0242
32.0554	0.3786
32.1246	0.3413
32.13	-1.1534
32.3278	0.9894
32.6282	-0.6569
32.6753	1.0759
32.7599	-0.4841
32.8065	-0.6502
32.979	0.6426
33.11	-0.5682
33.1238	1.0159
33.155	-0.1894
33.2281	1.0718
33.3336	-0.2474
33.353	0.0478
33.5075	0.9437
34.0376	-0.647
34.0572	0.3466
34.1608	-0.0981
34.4567	-0.4156
