2.48	-36.3663
2.5294	-29.5929
2.5863	-34.8544
2.5901	-34.6379
2.5909	-36.0703
2.6366	-33.3521
2.6458	-38.2006
2.6538	-35.0006
2.659	-35.5766
2.6671	-31.0321
2.6891	-31.2362
2.6898	-33.2853
2.6993	-33.3466
2.7128	-31.1183
2.7134	-33.1357
2.7192	-32.2823
2.721	-34.9909
2.7301	-32.8778
2.7502	-33.1715
2.7555	-35.9991
2.7578	-36.2127
2.7649	-36.244
2.7691	-37.3082
2.7755	-34.9203
2.7802	-39.112
2.7807	-38.7181
2.7819	-29.1134
2.7855	-37.0348
2.786	-34.3221
2.7881	-38.199
2.7902	-32.495
2.7939	-34.1645
2.7991	-37.4068
2.7997	-33.5621
2.8029	-26.7684
2.8113	-34.9615
2.8137	-33.3275
2.8158	-34.5317
2.8194	-31.6544
2.8289	-34.0251
2.8378	-36.2894
2.842	-39.1616
2.8422	-30.1429
2.8449	-34.854
2.8469	-36.1368
2.8488	-36.8625
2.8502	-34.6266
2.8517	-33.5421
2.8522	-30.8854
2.8551	-35.7433
2.856	-33.4555
2.8573	-37.4283
2.8606	-33.4512
2.8641	-37.7472
2.8643	-32.0388
2.8663	-30.7958
2.8673	-28.8128
2.8687	-34.4575
2.8689	-35.4043
2.8744	-36.0646
2.877	-37.8083
2.8791	-31.3802
2.8819	-32.7
2.8868	-34.5006
2.8868	-32.1431
2.8887	-32.3405
2.8891	-37.2258
2.8915	-37.4287
2.8923	-35.1834
2.8976	-37.8921
2.9023	-32.7142
2.9028	-33.2051
2.903	-32.9136
2.9068	-39.606
2.9069	-34.1005
2.9116	-36.2672
2.9144	-35.2779
2.9178	-31.7092
2.9232	-28.677
2.9288	-39.7549
2.929	-36.9393
2.9318	-32.1579
2.932	-30.0326
2.9335	-36.5341
2.936	-32.442
2.9363	-38.1718
2.9411	-39.2878
2.9429	-39.2742
2.9497	-36.7027
2.9505	-37.2682
2.9523	-32.8505
2.9524	-36.15
2.9566	-34.8611
2.9578	-33.1509
2.963	-36.1391
2.9636	-35.1097
2.9646	-36.6983
2.9647	-37.1574
2.9647	-35.8745
2.9669	-32.7777
2.9684	-35.5686
2.9688	-35.809
2.971	-29.7531
2.9715	-38.7125
2.9741	-35.6498
2.9771	-39.0625
2.9782	-28.1651
2.9807	-32.4017
2.9894	-33.813
2.9914	-34.131
2.993	-35.6207
2.9993	-30.1003
3.0016	-35.8392
3.0019	-28.8216
3.0027	-37.6408
3.008	-35.1639
3.0091	-36.018
3.0102	-31.8485
3.0111	-39.5465
3.0164	-32.6029
3.0175	-30.8967
3.022	-37.3944
3.0307	-31.9434
3.0314	-26.8253
3.0394	-32.7423
3.0422	-35.9467
3.0497	-33.5923
3.0508	-38.852
3.0519	-28.36
3.0525	-35.1573
3.055	-35.9502
3.0555	-33.4186
3.0567	-32.7133
3.0581	-39.2667
3.0583	-27.9662
3.0701	-34.5372
3.072	-37.7952
3.0814	-34.0058
3.0835	-36.2819
3.0842	-34.6577
3.0872	-34.2685
3.0876	-35.371
3.0889	-33.7691
3.0911	-38.4989
3.0913	-29.8105
3.0917	-32.1229
3.0935	-31.2581
3.095	-28.8773
3.0987	-30.2838
3.1015	-36.3139
3.1019	-34.761
3.1059	-32.3428
3.1099	-35.2358
3.1117	-30.9819
3.1118	-33.433
3.1161	-28.0253
3.1181	-36.1447
3.1248	-33.0672
3.1294	-35.9345
3.1408	-34.1697
3.1438	-35.4382
3.1478	-31.6006
3.1492	-32.529
3.1524	-30.9638
3.1581	-25.3838
3.1594	-33.6479
3.1602	-29.8959
3.1625	-34.7061
3.1639	-31.0332
3.1835	-36.4571
3.1852	-32.9207
3.1855	-32.9178
3.1875	-34.3214
3.1948	-33.0499
3.2005	-30.5867
3.2038	-31.613
3.2125	-32.9953
3.224	-33.3251
3.2251	-28.8679
3.2273	-28.169
3.2318	-31.4046
3.2375	-32.9531
3.2379	-28.4162
3.2481	-31.7231
3.2607	-35.5906
3.2696	-28.655
3.2719	-31.2539
3.2747	-25.6699
3.2763	-30.1768
3.2813	-31.4663
3.2923	-34.3331
3.2942	-32.6388
3.2992	-35.4871
3.3436	-28.474
3.3538	-30.0322
3.3608	-35.0336
3.3923	-30.7976
3.396	-30.5705
3.3969	-31.2143
3.3987	-33.3766
3.4068	-37.7882
3.4163	-30.7478
3.4183	-34.8133
3.4309	-33.8671
3.431	-28.367
3.4322	-34.2466
3.4391	-28.4927
3.445	-26.7658
3.448	-29.3247
3.4558	-36.1424
3.457	-31.8378
3.457	-32.0041
3.4575	-34.8853
3.4593	-29.0114
3.4612	-34.019
3.467	-28.7306
3.4752	-33.8088
3.4771	-37.9514
3.497	-31.7816
3.5082	-31.4012
3.5257	-32.6175
3.5381	-32.496
3.5444	-29.8374
3.5457	-31.6354
3.5481	-27.1519
3.5566	-26.5243
3.5631	-31.5282
3.5658	-30.7446
3.574	-26.5303
3.5747	-22.2638
3.5833	-32.6005
3.5917	-30.9
3.5985	-32.0176
3.6071	-27.5744
3.6081	-29.865
3.6089	-28.0299
3.6173	-33.5947
3.6181	-35.4519
3.6232	-29.4752
3.6235	-28.5812
3.6352	-30.341
3.6539	-34.1745
3.6698	-25.849
3.6808	-27.6464
3.6978	-25.7305
3.6995	-29.805
3.7068	-26.9299
3.7137	-29.5397
3.7148	-26.9685
3.723	-31.1876
3.7344	-26.1245
3.737	-26.4915
3.7516	-23.9381
3.7549	-27.4092
3.7623	-26.9755
3.7643	-28.3391
3.7677	-27.436
3.795	-29.5662
3.7997	-29.6241
3.8017	-29.4794
3.8026	-32.8609
3.8102	-31.784
3.8129	-30.5735
3.8215	-31.289
3.825	-28.8593
3.8254	-30.2191
3.8393	-28.0437
3.8398	-29.9237
3.8416	-26.0282
3.8667	-28.1384
3.8675	-24.8923
3.8762	-29.238
3.8777	-27.0806
3.8777	-28.2341
3.8779	-33.9518
3.882	-29.6125
3.895	-26.7223
3.8964	-27.8277
3.8984	-26.7572
3.9013	-25.6153
3.9017	-29.7501
3.9048	-25.7113
3.9053	-30.3944
3.9137	-28.976
3.9153	-28.6831
3.9255	-25.062
3.9339	-27.3099
3.9428	-25.2814
3.9495	-30.0494
3.953	-27.5545
3.9569	-28.6814
3.9569	-27.6342
3.9604	-22.2192
3.9634	-30.9066
3.9642	-28.4057
3.9653	-26.3342
3.9661	-25.31
3.9665	-28.3496
3.9674	-30.6218
3.9825	-22.3219
3.9839	-29.6096
3.9847	-27.283
3.9986	-28.9665
3.9993	-24.2576
4.0055	-33.6022
4.0185	-27.6059
4.0316	-31.0954
4.0359	-27.0591
4.0365	-29.3049
4.0423	-23.894
4.0458	-25.5373
4.0481	-27.9359
4.057	-31.7224
4.0573	-28.601
4.061	-28.8342
4.07	-25.2465
4.076	-26.0312
4.0839	-23.1587
4.0856	-29.449
4.1027	-32.1514
4.1074	-25.296
4.1206	-26.0212
4.1471	-25.56
4.1515	-25.2024
4.1677	-32.9134
4.1732	-27.4628
4.1733	-27.596
4.1794	-30.6605
4.1815	-25.5021
4.186	-30.8011
4.1932	-29.2878
4.1963	-26.6689
4.1963	-23.9359
4.2052	-34.4105
4.2066	-26.0735
4.2092	-30.2567
4.2113	-22.2723
4.2148	-24.2149
4.2169	-31.5266
4.2174	-28.6297
4.2201	-26.9872
4.2244	-30.4142
4.231	-25.4636
4.2319	-27.7105
4.2337	-29.1677
4.238	-25.1327
4.2381	-28.9836
4.2469	-27.4244
4.2476	-27.49
4.2519	-27.9167
4.2661	-25.1535
4.2686	-22.8203
4.2708	-28.9287
4.2762	-27.1063
4.282	-27.3972
4.2875	-23.9728
4.2927	-28.0042
4.2953	-25.7361
4.3053	-28.5423
4.3054	-25.6539
4.3087	-30.007
4.3118	-33.7556
4.3163	-29.3085
4.3178	-28.0745
4.318	-23.8765
4.3231	-28.1496
4.3266	-25.3644
4.3306	-26.6439
4.3365	-24.5836
4.3457	-28.6634
4.3486	-23.3238
4.3502	-22.1921
4.3505	-26.9895
4.3508	-24.1738
4.3598	-25.2797
4.3605	-25.3395
4.3607	-25.7853
4.3646	-25.9816
4.3707	-26.7996
4.3728	-26.2576
4.3798	-28.38
4.3875	-26.8398
4.3929	-23.0463
4.3995	-26.7269
4.4033	-22.7902
4.4068	-20.1005
4.4103	-22.2401
4.4106	-25.229
4.414	-24.8453
4.4174	-28.6298
4.4323	-25.9913
4.4455	-27.7458
4.4472	-22.9383
4.465	-25.8705
4.4804	-26.9232
4.4898	-24.592
4.4938	-26.3115
4.5015	-28.696
4.5161	-27.7774
4.5177	-28.2206
4.5303	-25.2507
4.5324	-22.0716
4.5355	-29.9481
4.5403	-27.1818
4.5438	-27.4665
4.5595	-23.5247
4.57	-26.6991
4.572	-27.0979
4.5911	-23.5629
4.601	-23.4177
4.6017	-25.0497
4.6083	-24.8763
4.6179	-26.9002
4.6317	-27.9251
4.6368	-28.4924
4.6428	-24.9307
4.6713	-24.8129
4.675	-26.9158
4.6841	-25.0695
4.6876	-26.9553
4.7352	-27.0857
4.7417	-28.8205
4.7492	-25.6727
4.7537	-28.5891
4.7732	-22.8335
4.7972	-27.0197
4.8177	-22.9372
4.8212	-24.7934
4.8376	-24.9489
4.8503	-25.0809
4.8685	-27.366
4.8813	-24.9719
4.8995	-25.5702
4.918	-28.0558
4.9254	-23.2756
5.0183	-24.7803
5.0354	-26.2449
5.1481	-29.6552
5.1678	-27.0587
5.1887	-27.2717
5.1993	-22.1503
5.3598	-26.2921
5.3802	-29.435
5.4253	-28.5724
5.908	-28.7681
5.9712	-28.552
5.9809	-25.0677
6.0535	-26.0191
6.2539	-24.7869
6.3709	-29.0925
6.4137	-25.0871
6.5465	-21.6804
6.5623	-25.405
6.6397	-27.2244
6.6897	-26.731
6.8749	-25.2948
6.9635	-22.8546
6.9672	-24.6524
6.9708	-27.6726
6.9767	-26.3839
7.0168	-20.7555
7.0557	-27.7043
7.0704	-21.0125
7.0911	-19.0577
7.1018	-21.9561
7.1192	-27.0147
7.1322	-25.2021
7.1375	-24.6529
7.1722	-15.5581
7.2347	-26.7295
7.2371	-24.8761
7.2378	-28.2011
7.2696	-26.3583
7.271	-25.6011
7.2769	-19.4998
7.277	-22.1406
7.3134	-29.4079
7.3305	-28.0761
7.3401	-26.728
7.3429	-20.1815
7.3438	-28.7778
7.3751	-26.7361
7.3885	-27.3788
7.4097	-24.238
7.4341	-23.9959
7.4346	-23.4143
7.4491	-26.3664
7.4583	-13.6667
7.4643	-14.7858
7.4725	-23.8418
7.4732	-21.9568
7.4882	-13.9382
7.4894	-21.5743
7.4951	-24.413
7.4979	-23.1717
7.5095	-27.3923
7.522	-20.8935
7.5575	-25.5961
7.5581	-25.4187
7.559	-20.1935
7.5657	-23.9018
7.5757	-23.0977
7.5887	-23.4239
7.5989	-26.8197
7.6	-27.7479
7.6053	-16.3201
7.617	-19.5029
7.6263	-22.1608
7.628	-22.6188
7.6384	-18.3525
7.6507	-24.9649
7.666	-19.5158
7.6678	-23.0658
7.6722	-26.3328
7.674	-22.6552
7.6777	-21.7689
7.6809	-26.1823
7.6827	-18.2086
7.6877	-23.2772
7.6934	-25.4003
7.7181	-26.8203
7.7203	-23.898
7.7266	-22.3874
7.7285	-20.0524
7.7341	-16.472
7.7344	-20.2071
7.7374	-27.6873
7.7395	-15.0364
7.7404	-14.8495
7.7405	-26.3668
7.743	-18.0876
7.7466	-22.1782
7.7515	-19.4267
7.757	-17.6578
7.7644	-21.303
7.7676	-14.2331
7.7697	-15.3569
7.779	-27.2428
7.7799	-16.6252
7.7859	-27.8369
7.7926	-15.9836
7.797	-22.1893
7.7975	-21.0238
7.7992	-16.409
7.8058	-23.5087
7.8129	-23.5516
7.8133	-18.2463
7.8182	-16.9796
7.8261	-27.5714
7.8279	-20.7335
7.8298	-17.5923
7.8387	-24.9219
7.8413	-20.6448
7.8421	-23.4983
7.8423	-19.5496
7.8443	-19.8047
7.8517	-20.7779
7.8648	-16.7351
7.865	-16.3145
7.8755	-21.939
7.8799	-21.6201
7.8813	-27.477
7.8831	-27.0715
7.888	-17.7943
7.8928	-12.3339
7.9003	-14.8412
7.9038	-20.7068
7.9064	-20.1462
7.9172	-24.3791
7.922	-14.152
7.9292	-17.0432
7.9304	-25.0545
7.9331	-23.392
7.9515	-19.0001
7.9517	-27.924
7.9617	-15.382
7.9672	-17.4377
7.985	-26.3874
7.991	-23.1403
7.9954	-23.4467
7.9957	-19.3303
7.9967	-24.7811
8.0092	-25.7526
8.0119	-19.197
8.0143	-13.9849
8.0243	-18.3321
8.0255	-22.7481
8.0315	-14.6847
8.0341	-26.0484
8.0354	-24.137
8.0381	-20.8158
8.0396	-25.027
8.0399	-23.8896
8.0415	-18.7253
8.0419	-20.6551
8.053	-19.452
8.0602	-26.4321
8.0607	-17.3626
8.0651	-22.0142
8.0698	-27.2968
8.0753	-18.8782
8.0777	-17.3835
8.0825	-12.9567
8.0842	-27.6646
8.0921	-25.5348
8.1009	-23.2161
8.1023	-14.2651
8.104	-18.3454
8.1042	-24.8497
8.1074	-21.4467
8.1144	-12.7038
8.1164	-19.7758
8.1184	-18.3109
8.1203	-25.9038
8.1203	-16.8723
8.1217	-25.4472
8.1244	-16.3809
8.1257	-21.4879
8.1277	-26.6778
8.141	-21.8809
8.1453	-25.4444
8.1468	-21.4784
8.1483	-15.6901
8.1511	-26.9902
8.1518	-24.7918
8.1526	-16.0775
8.1527	-23.8772
8.1595	-26.6802
8.1627	-25.4648
8.1644	-17.91
8.1651	-14.3728
8.1731	-24.3931
8.1753	-22.2688
8.1991	-17.1401
8.2029	-20.6472
8.2069	-23.3817
8.2079	-22.5245
8.2086	-20.3236
8.2109	-23.9168
8.2124	-19.5837
8.213	-24.9391
8.2168	-14.118
8.2185	-22.2018
8.2194	-21.6577
8.2196	-24.6838
8.2217	-20.0209
8.232	-18.7461
8.2342	-24.9595
8.2377	-15.3391
8.2399	-12.8696
8.2445	-22.975
8.2488	-21.728
8.2495	-17.7746
8.2506	-21.9989
8.2534	-23.3688
8.2637	-21.3222
8.2661	-23.4319
8.2676	-15.2539
8.2724	-25.1103
8.276	-15.8469
8.276	-21.0946
8.2792	-22.7264
8.2832	-25.8081
8.2919	-15.8759
8.292	-20.4543
8.2964	-24.5272
8.2971	-28.4933
8.3035	-26.6458
8.3074	-23.6984
8.3154	-20.5988
8.3174	-16.3225
8.3212	-22.059
8.3222	-14.9819
8.3247	-26.2772
8.3251	-25.7402
8.3278	-16.7243
8.3283	-21.3016
8.3342	-14.1678
8.3396	-27.2577
8.3398	-26.6656
8.3565	-22.6257
8.357	-17.7836
8.3583	-13.9738
8.359	-24.2324
8.3651	-21.5618
8.3774	-20.3631
8.3793	-19.084
8.3796	-23.5191
8.3833	-16.9647
8.3883	-27.8147
8.3904	-24.5537
8.3908	-23.6024
8.4089	-20.2349
8.4097	-19.9026
8.4115	-25.8109
8.4183	-21.908
8.4199	-20.214
8.4203	-24.0677
8.4315	-12.9015
8.4376	-18.5045
8.4391	-25.6428
8.44	-24.1241
8.4402	-18.4359
8.4456	-23.9548
8.4507	-22.5308
8.4548	-24.1983
8.4553	-23.7102
8.4555	-15.1826
8.4561	-15.9562
8.4574	-23.2512
8.4592	-15.8329
8.4609	-18.2976
8.4639	-21.7232
8.4652	-23.9734
8.4652	-20.7982
8.4714	-16.6353
8.473	-11.9046
8.4751	-23.0951
8.476	-27.2122
8.4802	-21.8207
8.4863	-20.5302
8.4919	-19.6563
8.493	-24.0413
8.4983	-25.4447
8.5024	-16.7061
8.503	-24.4004
8.5039	-25.3837
8.5104	-16.3825
8.5141	-14.8617
8.5147	-24.4241
8.5155	-22.7382
8.5163	-22.1233
8.519	-16.7853
8.5206	-24.8559
8.5251	-20.0106
8.5264	-16.4825
8.5316	-27.8531
8.5337	-27.4768
8.5402	-16.9317
8.5405	-25.0184
8.5405	-26.8962
8.5445	-23.5154
8.5462	-14.9297
8.5521	-19.8178
8.553	-16.3828
8.5597	-19.5219
8.5615	-22.3911
8.5652	-23.4146
8.57	-12.1753
8.577	-11.4303
8.5875	-15.6002
8.5904	-20.1909
8.5985	-22.3699
8.6013	-14.1824
8.6025	-19.0027
8.604	-21.8235
8.607	-15.0546
8.6131	-12.0442
8.618	-15.8652
8.6251	-15.7633
8.6363	-14.7343
8.6381	-22.5033
8.6382	-26.528
8.6405	-18.6362
8.6466	-26.1228
8.6469	-23.4398
8.6488	-25.4318
8.6489	-19.9422
8.6496	-17.8679
8.6518	-26.9063
8.656	-25.0544
8.657	-12.0982
8.659	-24.6595
8.6779	-19.25
8.6802	-20.6394
8.6825	-21.2081
8.6919	-19.9632
8.6922	-15.5839
8.6932	-19.0546
8.7063	-15.5821
8.7106	-17.5689
8.711	-25.2695
8.7154	-21.1769
8.7157	-25.5858
8.7157	-25.4818
8.7172	-20.4027
8.7202	-8.7838
8.7269	-19.6759
8.7285	-18.1893
8.731	-25.7675
8.7341	-26.9679
8.7342	-24.954
8.7438	-25.4919
8.748	-13.5465
8.7499	-20.2047
8.7502	-21.529
8.7533	-17.183
8.7561	-25.054
8.7582	-11.6033
8.7597	-24.6875
8.7692	-23.6765
8.7727	-24.6781
8.774	-24.0126
8.7746	-16.2232
8.7761	-21.7634
8.7761	-21.3421
8.7848	-21.5988
8.7897	-12.3905
8.7925	-23.1813
8.7977	-24.061
8.8015	-15.4722
8.8045	-19.2331
8.809	-23.5342
8.8214	-22.3558
8.8264	-11.5215
8.8276	-25.6152
8.841	-25.1163
8.8411	-22.7104
8.8458	-25.0788
8.849	-12.8537
8.8495	-9.0236
8.8683	-23.9864
8.8727	-15.5888
8.8729	-16.7298
8.8746	-16.2359
8.875	-21.9392
8.8775	-21.4774
8.8795	-14.2876
8.8813	-21.8719
8.8841	-23.2295
8.8899	-20.6302
8.8934	-23.6578
8.8972	-19.5822
8.8977	-26.1519
8.9043	-24.3766
8.9086	-28.3041
8.938	-24.9611
8.9391	-12.0108
8.9404	-14.4159
8.9407	-23.4201
8.9542	-25.9932
8.9578	-24.7066
8.9589	-24.0582
8.9735	-4.9653
8.9792	-20.6817
8.9898	-19.3038
8.998	-27.7045
9.0086	-12.3182
9.0159	-27.8055
9.0212	-7.0901
9.0214	-18.672
9.0217	-22.8085
9.0242	-23.7638
9.0321	-23.3643
9.0617	-19.2459
9.068	-12.1505
9.0731	-24.388
9.0751	-17.0166
9.0774	-17.837
9.0777	-19.8257
9.096	-16.7548
9.1006	-9.6215
9.1137	-14.6855
9.1207	-17.2096
9.1283	-21.1935
9.1311	-12.6192
9.1324	-18.2183
9.1487	-12.7861
9.1899	-22.5972
9.1911	-11.0137
9.1929	-11.9586
9.1957	-25.3726
9.1965	-15.2731
9.1979	-16.8116
9.2023	-15.3931
9.2202	-12.3733
9.2424	-7.399
9.2631	-23.062
9.2642	-4.5315
9.2982	-21.8875
9.2995	-25.8827
9.3046	-5.0822
9.3156	-5.5101
9.3659	-5.8265
9.387	-20.473
9.392	-15.4236
9.4101	-9.4869
9.4268	-12.7951
9.4301	-10.2131
9.4357	-14.4795
9.4751	-11.6958
9.5733	-25.0393
9.5964	-9.8033
9.6053	-9.0004
9.6092	-7.2297
9.6225	-9.5591
9.6496	-11.9511
9.6821	-8.4131
9.7088	-11.3317
9.743	-10.591
9.8094	-10.0899
9.8129	-6.2948
9.8364	-10.071
10.0276	-7.1252
10.0476	-4.8899
10.0566	-10.086
10.0689	-6.6381
10.0792	-7.8786
10.0915	-6.5347
10.1165	-9.4627
10.1318	-11.7027
10.1387	-10.7048
10.1958	-7.7023
10.2467	-8.6131
10.2718	-11.8104
10.3157	-8.7409
10.3509	-10.4338
10.383	-7.3233
10.3901	-13.9382
10.3911	-4.1354
10.3931	-8.4584
10.4808	-7.0942
10.4923	-8.5245
10.4974	-9.5401
10.5752	-4.091
10.6241	-8.4149
10.6309	-6.4017
10.6342	-12.0735
10.6889	-10.0438
10.6964	-9.0248
10.7001	-8.8629
10.7055	-10.7468
10.7081	-11.3044
10.7215	-3.7982
10.7339	-5.4385
10.756	-6.3215
10.7699	-7.0603
10.8321	-8.2257
10.8579	-5.6962
10.9461	-7.5861
10.9593	-6.6222
10.9676	-14.2956
10.9742	-9.6583
10.9861	-9.4247
11.0378	-10.124
11.0768	-7.8988
11.1076	-8.9338
11.143	-11.3142
11.1576	-7.8509
11.1766	-10.5175
11.2676	-5.6287
11.2747	-10.2677
11.3076	-14.2243
11.3489	-11.7961
11.4143	-7.2147
11.418	-11.8922
11.4256	-11.1182
11.4353	-13.6641
11.463	-6.1759
11.4748	-18.8678
11.4961	-6.7276
11.4981	-11.4281
11.5013	-8.8334
11.512	-7.8295
11.5852	-11.6425
11.6077	-13.1427
11.6239	-15.9239
11.6246	-6.5304
11.6357	-12.0779
11.6508	-12.6815
11.6918	-13.1229
11.6922	-14.4914
11.6973	-14.1774
11.6983	-14.521
11.7061	-14.344
11.7257	-14.2097
11.7327	-13.2554
11.733	-14.6454
11.7467	-8.8392
11.7587	-10.5924
11.7628	-17.2382
11.7638	-13.5566
11.7659	-14.7977
11.769	-12.7136
11.7713	-14.6487
11.7762	-13.7824
11.8067	-14.8916
11.8214	-14.0267
11.8283	-11.2754
11.8492	-14.2821
11.8568	-10.2842
11.8738	-13.7797
11.8805	-14.3528
11.8826	-17.0256
11.8851	-14.1251
11.8862	-17.8409
11.8891	-12.4711
11.8952	-16.4907
11.9005	-15.8391
11.9073	-13.5823
11.9149	-14.4887
11.928	-10.6731
11.9428	-14.8554
11.9519	-9.7764
11.9641	-13.3689
11.9781	-12.9044
12.0057	-17.6698
12.0123	-12.2667
12.014	-15.4052
12.022	-15.0519
12.0262	-14.5011
12.0262	-11.6448
12.0502	-16.4831
12.0542	-10.5599
12.0603	-16.4064
12.0732	-13.2191
12.0786	-14.5355
12.0828	-16.4389
12.1119	-18.763
12.1261	-17.688
12.1296	-16.7185
12.1465	-16.0035
12.1504	-14.083
12.1613	-8.4824
12.1732	-12.0644
12.1742	-13.3778
12.1773	-13.6019
12.1916	-12.3313
12.1926	-13.4422
12.1946	-14.0162
12.2059	-13.3539
12.2165	-18.6169
12.2198	-12.5985
12.2203	-13.0432
12.2327	-12.4355
12.2353	-12.7312
12.2357	-9.9361
12.2361	-9.3058
12.244	-15.4924
12.2495	-9.5954
12.2533	-12.1273
12.2603	-11.7263
12.2606	-11.7609
12.2673	-15.1
12.2692	-15.5856
12.2728	-12.1125
12.2798	-16.9454
12.28	-12.4699
12.2827	-18.1086
12.2837	-16.0356
12.2864	-14.1169
12.2894	-17.3698
12.2948	-11.2876
12.2955	-12.2193
12.2966	-11.5769
12.2983	-10.8475
12.3054	-11.6001
12.3095	-11.9381
12.3099	-15.5125
12.3261	-12.0032
12.3295	-12.8668
12.3451	-18.8685
12.3457	-15.2368
12.3486	-11.9613
12.355	-16.6145
12.3652	-11.8969
12.3679	-17.59
12.3681	-11.6547
12.4019	-17.0581
12.4083	-11.7197
12.4167	-12.838
12.4534	-11.5912
12.4563	-14.9918
12.4672	-15.602
12.4807	-15.235
12.4838	-11.4417
12.484	-11.3786
12.4849	-13.8725
12.558	-16.9978
12.5651	-14.4047
12.5928	-14.2709
12.6064	-14.5754
12.6185	-16.0954
12.6256	-15.5507
12.6358	-14.0898
12.6398	-10.5836
12.645	-14.2793
12.6568	-13.0695
12.683	-16.1888
12.684	-16.7558
12.694	-12.0622
12.7058	-15.1097
12.7189	-16.3605
12.7243	-13.8342
12.7362	-16.4677
12.7397	-12.4561
12.7417	-18.4111
12.742	-13.0179
12.7484	-12.7077
12.7543	-18.2964
12.7601	-13.5427
12.762	-16.2565
12.7686	-11.419
12.7771	-15.595
12.7814	-17.3274
12.8085	-14.5116
12.8094	-20.3506
12.8244	-12.3167
12.8492	-13.8805
12.8517	-18.6269
12.8575	-14.4741
12.859	-10.3573
12.8807	-14.6972
12.8819	-19.8604
12.8825	-17.2602
12.8957	-13.9524
12.8981	-17.5955
12.9014	-14.61
12.9111	-13.4867
12.9346	-16.9542
12.9848	-7.2117
12.9865	-15.2824
12.9881	-14.7862
12.9889	-19.5994
12.9954	-14.0491
13.0056	-11.6411
13.0122	-18.3486
13.0295	-15.4129
13.0388	-18.2883
13.0459	-8.8504
13.047	-12.4338
13.0698	-10.3611
13.0757	-14.4119
13.09	-14.1053
13.1062	-8.0991
13.1176	-9.2668
13.1181	-14.4031
13.1198	-15.7309
13.122	-5.2934
13.1388	-6.5927
13.1464	-3.5732
13.1595	-8.9616
13.1697	-12.2204
13.174	-7.4891
13.1872	-16.3359
13.2085	-13.7509
13.2471	-11.4086
13.2794	-7.7782
13.282	-12.0522
13.2844	-14.0373
13.2938	-11.2746
13.2951	-16.7783
13.3161	-7.4609
13.318	-12.5755
13.3315	-6.6181
13.3336	-8.5263
13.3445	-9.6804
13.3489	-10.0061
13.3918	-7.1353
13.4007	-10.4801
13.4309	-8.8365
13.4446	-10.9022
13.4528	-8.5609
13.4538	-10.1232
13.4559	-14.5015
13.4732	-11.0425
13.4743	-8.0474
13.4763	-19.065
13.4766	-4.7405
13.487	-15.8872
13.4933	-7.037
13.4967	-18.2342
13.5039	-10.506
13.5162	-13.9429
13.5436	-6.2359
13.5445	-7.876
13.5506	-14.2736
13.5605	-8.6948
13.5705	-17.5661
13.5746	-10.7085
13.5915	-9.855
13.597	-6.4828
13.5996	-12.4644
13.6205	-10.8288
13.6305	-9.2491
13.6321	-9.664
13.6408	-12.6728
13.6419	-6.5252
13.643	-11.0719
13.6692	-10.9641
13.6716	-5.4835
13.6749	-8.4641
13.6768	-14.9952
13.6786	-9.8979
13.6788	-7.6684
13.6881	-8.6351
13.7309	-5.9606
13.7381	-10.6505
13.7432	-19.8486
13.7489	-11.6392
13.7609	-9.7364
13.7643	-11.5014
13.7688	-5.4358
13.7694	-12.2427
13.771	-6.2722
13.772	-8.9371
13.7731	-11.7555
13.7761	-11.9122
13.7787	-6.5725
13.8021	-10.7474
13.8035	-13.3921
13.8095	-8.7347
13.8225	-6.4581
13.8227	-11.2544
13.8258	-7.6496
13.8286	-11.0799
13.8387	-8.6129
13.861	-14.5943
13.866	-7.3129
13.8696	-9.7485
13.8809	-12.3335
13.8926	-12.1745
13.8937	-10.988
13.8953	-13.462
13.8961	-11.9835
13.9055	-10.1806
13.9147	-11.8302
13.9328	-8.3739
13.9482	-13.9815
13.9582	-18.9475
13.9618	-8.7417
14.01	-10.5978
14.0104	-10.3137
14.0177	-12.1731
14.0206	-14.2268
14.023	-9.9151
14.0333	-9.3175
14.0333	-8.609
14.0434	-10.6526
14.0811	-10.8278
14.0855	-13.5093
14.0994	-8.8397
14.1046	-8.6034
14.1174	-11.8821
14.1265	-12.7177
14.1381	-12.0609
14.1392	-4.2481
14.1396	-7.9251
14.1645	-14.1842
14.1733	-9.5842
14.2039	-7.0947
14.2124	-10.3702
14.2132	-3.8261
14.2184	-11.6876
14.2492	-15.9459
14.2965	-11.4543
14.2997	-3.1311
14.3014	-6.1361
14.3191	-10.1667
14.3249	-7.1172
14.329	-4.9336
14.3365	-13.9262
14.3374	-8.4106
14.3419	-9.1686
14.3537	-6.2774
14.357	-15.6612
14.3773	-7.2703
14.386	-8.9313
14.3887	-8.3573
14.3937	-9.5048
14.4007	-12.9161
14.4046	-14.6657
14.4161	-9.28
14.4163	-11.4043
14.4327	-12.5399
14.4354	-14.6088
14.4495	-9.4277
14.4535	-7.0547
14.4648	-16.2363
14.475	-3.6316
14.4857	-4.2312
14.5058	-14.1981
14.5088	-3.9229
14.5089	-12.0432
14.5103	-8.5452
14.5315	-6.3493
14.5577	-6.6424
14.5614	-13.6442
14.5624	-6.1665
14.5832	-10.6671
14.586	-1.0916
14.6048	-10.2414
14.6183	-7.1335
14.6184	-5.8956
14.6203	-8.413
14.6225	-14.4311
14.6485	-6.2572
14.6806	-17.4461
14.6941	-13.374
14.7128	-13.9035
14.7137	-7.6563
14.7146	-9.4396
14.7149	-11.1892
14.7309	-9.3281
14.7337	-12.4384
14.7648	-7.197
14.7884	-8.6253
14.7907	-6.4787
14.839	-3.1635
14.8559	-11.3756
14.8576	-3.1887
14.8892	-10.214
14.911	-3.7832
14.9149	-6.977
14.9413	-5.9247
14.9702	-12.3578
14.9758	-15.163
15.0153	-13.0697
15.0555	-18.9148
15.074	-19.0027
15.0998	-11.645
15.1766	-3.4449
15.1995	-4.5917
15.2011	-8.7303
15.2097	-14.8092
15.2163	-6.3863
15.2168	-10.6459
15.2331	-8.2286
15.2574	-3.587
15.2614	-14.1883
15.2616	-5.9929
15.2803	-13.4413
15.2999	-15.995
15.3082	-7.2037
15.3115	-10.3039
15.3135	-11.1678
15.3289	-14.3015
15.3724	-10.6448
15.4039	-4.1985
15.4137	-4.6367
15.4141	-7.5275
15.4184	-3.478
15.4188	-7.8448
15.4195	-3.156
15.4341	-10.6461
15.4408	-9.0446
15.4963	-14.7068
15.4977	-9.8462
15.5266	-5.7195
15.5279	-10.9655
15.5698	-9.1513
15.5705	-5.9614
15.5851	-4.6089
15.5874	-14.835
15.5904	-19.3889
15.6175	-19.7432
15.6195	-12.35
15.6311	-10.8689
15.6336	-14.6727
15.6538	-3.6856
15.6757	-13.6248
15.6868	-17.2375
15.699	-13.7097
15.7015	-19.0873
15.7826	-1.3716
15.8099	-6.5168
15.8587	-12.7437
15.862	-8.1946
15.8993	-11.1455
15.9004	-6.685
15.916	-18.1613
15.9257	-5.3644
15.9421	-10.3821
16.0031	-6.3787
16.0098	-11.96
16.0471	-8.5881
16.0583	-10.4145
16.0662	-9.471
16.0827	-13.0694
16.1007	-4.0902
16.1095	-10.9257
16.1486	-6.9946
16.1569	-11.861
16.1588	-5.1811
16.1778	-8.5888
16.178	-12.5646
16.1998	-5.9294
16.2077	-6.3287
16.2733	-4.6609
16.2782	-6.5399
16.2966	-7.4333
16.2973	-6.9744
16.3006	-10.4141
16.3034	-5.5908
16.3187	-8.0758
16.3207	-6.8951
16.3477	-8.748
16.363	-9.763
16.3741	-8.0128
16.3939	-8.6112
16.4139	-6.981
16.4191	-10.0007
16.461	-8.6879
16.4649	-9.4335
16.4789	-9.3704
16.4826	-11.6118
16.5015	-3.3011
16.5146	-5.8503
16.5523	-8.7304
16.5779	-3.8556
16.5806	-10.2894
16.5844	-6.9175
16.5973	-10.0788
16.5986	-9.452
16.5995	-5.4748
16.6054	-10.1709
16.6064	-5.4491
16.6104	-6.1827
16.6133	-10.5987
16.6459	-10.4575
16.6887	-7.5495
16.709	-4.7339
16.7109	-9.8882
16.7411	-11.4606
16.7816	-8.6802
16.7914	-2.2203
16.8033	-10.231
16.8066	-1.2362
16.8402	-8.5356
16.8517	-7.7509
16.872	-7.3533
16.8816	-9.335
16.9153	-6.5622
16.9364	-10.3662
16.9753	-6.8004
16.9902	-8.069
17.0014	-11.2691
17.005	-9.3409
17.014	-9.8811
17.0148	-9.6573
17.0337	-11.7428
17.0744	-7.9138
17.1031	-10.9285
17.2047	-9.1495
17.2228	-8.635
17.2531	-5.1265
17.3186	-6.2865
17.398	-10.5964
17.4112	-10.9741
17.4383	-8.5029
17.5108	-10.0079
17.5517	-8.6262
17.6049	-7.4656
17.6067	-9.5767
17.6665	-6.6352
17.6773	-10.5583
17.7704	-6.6981
17.778	-6.3993
17.8595	-9.2969
17.8639	-7.4707
17.8772	-9.228
17.8865	-10.5425
17.8948	-10.2362
17.8952	-8.1163
17.9135	-11.2106
17.9338	-8.3106
17.9604	-3.2373
18.0013	-6.5587
18.0161	-9.0432
18.0331	-10.1989
18.0336	-8.4669
18.0392	-8.0335
18.092	-8.6382
18.0945	-10.3613
18.0988	-8.281
18.1153	-7.3902
18.122	-12.078
18.1501	-9.3082
18.1574	-5.7602
18.1594	-7.4429
18.1814	-5.8807
18.183	-13.6417
18.186	-7.9493
18.196	-9.8808
18.2486	-9.284
18.2556	-8.9004
18.2896	-6.7684
18.3043	-5.1747
18.3095	-8.3428
18.3132	-4.524
18.3182	-8.0655
18.3551	-10.1901
18.3825	-9.9298
18.4385	-10.311
18.4496	-13.1802
18.4519	-8.3898
18.4564	-6.5622
18.4602	-5.081
18.4805	-2.973
18.5008	-9.1576
18.5073	-8.7652
18.5201	-5.8119
18.5549	-8.2561
18.5646	-4.8783
18.5779	-4.2977
18.5991	-10.1551
18.631	-9.2495
18.6544	-12.814
18.659	-6.0664
18.6746	-8.654
18.6756	-6.8297
18.6812	-9.6069
18.6858	-9.2006
18.6894	-9.8788
18.7038	-8.3457
18.7083	-9.9904
18.7156	-3.4137
18.7258	-6.1102
18.7298	-4.3727
18.7331	-10.9464
18.7362	-6.9714
18.7712	-8.1006
18.7765	-5.2147
18.808	-10.6394
18.8143	-9.5243
18.8267	-8.6158
18.8326	-13.5896
18.8353	-8.5593
18.8518	-9.1811
18.8535	-8.0246
18.8664	-11.2084
18.8669	-7.7088
18.8736	-3.385
18.9018	-7.4555
18.9082	-12.0205
18.9223	-6.5594
18.9308	-10.3944
18.9405	-12.2412
18.9542	-9.3858
18.9623	-9.6597
18.9652	-10.3976
18.9761	-8.2645
18.9835	-9.557
19.0023	-8.4279
19.0069	-6.1318
19.0158	-9.8417
19.0189	-9.3652
19.0281	-9.4084
19.0291	-14.7848
19.0293	-13.1797
19.0426	-9.2054
19.0486	-8.419
19.0495	-11.9888
19.0522	-10.1461
19.0582	-7.9213
19.0767	-5.8012
19.0873	-11.1849
19.0882	-12.8338
19.0921	-4.9753
19.0979	-7.205
19.0996	-12.3087
19.1156	-9.8491
19.1159	-6.455
19.1226	-10.0117
19.1284	-8.1974
19.1299	-11.7266
19.1358	-11.3929
19.1739	-5.8204
19.1796	-6.136
19.1841	-6.4024
19.2141	-10.7028
19.2345	-11.6836
19.2354	-1.5298
19.2668	-9.0764
19.2712	-8.4371
19.2847	-9.1186
19.2862	-13.8947
19.2951	-14.6847
19.3055	-2.4633
19.3066	-9.6338
19.3148	-9.2257
19.3198	-9.5253
19.3229	-13.8088
19.3272	-7.064
19.3301	-12.5793
19.3334	-11.8562
19.3398	-11.3237
19.3433	-13.0518
19.3786	-10.7665
19.3807	-9.1384
19.4038	-10.0753
19.4093	-10.4931
19.423	-2.6879
19.4453	-12.5708
19.4713	-7.8024
19.4733	-6.7502
19.4758	-9.5964
19.4812	-7.667
19.4915	-10.0373
19.5103	-5.4593
19.531	-14.2831
19.5313	-7.6092
19.5332	-8.3143
19.552	-12.7555
19.5576	-9.9753
19.5687	-11.1954
19.5688	-7.9372
19.5711	-11.8119
19.6037	-8.3015
19.6178	-4.6703
19.6581	-12.4599
19.6727	-5.5923
19.6867	-11.6862
19.7311	-10.4791
19.7332	-6.5059
19.7393	-8.7316
19.7404	-4.514
19.7684	-9.8208
19.8027	-10.8203
19.812	-9.8717
19.814	-4.5745
19.8235	-12.3872
19.8261	-10.0786
19.8321	-11.4487
19.8408	-9.1368
19.8601	-9.4899
19.8608	-9.0563
19.871	-9.6678
19.898	-14.0013
19.8994	-8.4846
19.9022	-7.7348
19.905	-5.0292
19.9386	-8.5899
19.9386	-7.3978
19.962	-12.9041
19.9856	-9.0747
20.0321	-10.5408
20.0746	-12.4202
20.0798	-6.6278
20.0812	-9.146
20.0963	-6.6559
20.1008	-8.6834
20.1034	-3.1756
20.1299	-8.9163
20.1913	-7.6263
20.2032	-8.5359
20.2097	-7.0147
20.2395	-5.8491
20.3309	-12.3039
20.3378	-5.7519
20.3635	-9.4195
20.3848	-8.2129
20.396	-7.3823
20.4045	-8.3929
20.4451	-8.3357
20.4522	-7.8565
20.4833	-8.6134
20.489	-9.0122
20.4962	-8.6354
20.5147	-6.4145
20.5155	-8.7413
20.5261	-7.9386
20.5483	-7.5594
20.5518	-7.1957
20.5563	-7.6729
20.5583	-5.0435
20.566	-8.279
20.5695	-9.9598
20.577	-7.6442
20.6357	-8.4899
20.6531	-10.2746
20.657	-7.1001
20.6605	-8.7313
20.6731	-7.9501
20.6794	-6.7835
20.6797	-7.0634
20.7212	-6.5979
20.7465	-12.2317
20.7623	-5.5863
20.7757	-12.6528
20.8332	-4.578
20.8713	-8.999
20.8753	-8.164
20.8753	-9.3569
20.8976	-7.7811
20.9045	-4.9559
20.916	-9.7458
20.9202	-5.927
20.9296	-7.4565
20.9382	-11.753
20.9582	-10.0971
20.9907	-5.1909
21.0092	-6.904
21.0262	-7.1427
21.035	-5.5682
21.0753	-6.8452
21.0784	-3.6905
21.106	-6.5055
21.1118	-6.7671
21.1207	-11.2429
21.1798	-8.1745
21.1943	-8.9043
21.2064	-0.6489
21.2088	-8.2467
21.2126	-7.9129
21.2425	-8.1537
21.2506	-9.1884
21.2572	-5.8248
21.2608	-10.0712
21.2806	-6.2921
21.2953	0.8146
21.3156	-10.3598
21.3278	-9.8313
21.4175	-7.5023
21.4182	-4.3253
21.4242	-4.6792
21.4573	-7.9944
21.4579	-1.2747
21.4725	-4.2661
21.4726	-6.8358
21.4757	-1.7537
21.4802	-0.7195
21.4829	-8.2195
21.5178	-9.5056
21.5474	-12.2323
21.5629	-8.1104
21.5761	-1.5037
21.5785	-2.0913
21.5797	-6.924
21.5857	-7.1998
21.6105	-7.4202
21.6212	-1.5129
21.6247	-4.8441
21.6409	-6.678
21.6503	-2.7789
21.6529	-4.2649
21.6534	-6.456
21.6583	-1.183
21.6614	-6.0172
21.6637	-7.7546
21.6782	-0.0754
21.6903	-5.3071
21.7302	1.0288
21.733	-6.5007
21.7388	-5.9871
21.7447	-12.7006
21.7647	-9.4462
21.7927	-1.9594
21.8106	-3.9808
21.8116	-5.9384
21.8157	-8.1169
21.83	-6.7225
21.8315	-7.429
21.849	-8.0021
21.8561	-0.0047
21.8608	-5.8892
21.9052	-1.3716
21.9181	-8.8278
21.9224	-6.5741
21.9238	-10.2465
21.9348	-9.8354
21.9399	-10.7335
21.959	-0.361
21.96	-8.4423
21.9624	0.2057
21.9893	-1.5126
22.0017	-8.2149
22.0084	-6.1145
22.0137	-10.6214
22.0143	-4.4256
22.0169	-6.9006
22.0215	-7.4636
22.0231	-6.9831
22.0248	-10.3745
22.025	-8.9908
22.0499	-5.3234
22.0538	-3.2139
22.062	-2.438
22.0722	-3.659
22.075	-2.4345
22.0809	-1.769
22.0891	-3.1828
22.0936	-1.4487
22.1315	-12.2796
22.1323	-4.5175
22.133	-1.8034
22.1394	-8.9839
22.1446	-6.6882
22.1543	-2.125
22.1631	-7.7986
22.1648	-7.9955
22.1662	-6.4079
22.1662	-6.0231
22.1668	-4.012
22.1669	-3.4055
22.181	-8.82
22.1888	-1.963
22.1929	0.3645
22.1983	-3.3977
22.2078	-4.2163
22.2308	-5.117
22.2331	-9.1515
22.246	-1.1439
22.2466	-7.9754
22.2485	-9.4364
22.2568	-7.1834
22.271	-3.2058
22.3354	-5.2351
22.3365	-0.767
22.3386	-8.0566
22.3543	-5.5682
22.3569	-8.5829
22.3622	-1.1265
22.3628	-9.5745
22.3637	-0.7216
22.3692	-4.9911
22.3821	-7.8138
22.3899	-0.2225
22.4115	-7.4777
22.4458	-4.581
22.4619	-0.9244
22.4687	-2.119
22.4723	-0.387
22.4811	-4.8243
22.5009	-2.6764
22.5101	-5.2448
22.5441	-1.7928
22.5571	-8.7452
22.5573	-5.637
22.5614	-6.7265
22.5639	-7.6724
22.565	-6.822
22.5802	-5.4571
22.5843	-6.8892
22.5944	-5.3924
22.6118	-7.4257
22.6425	-4.8017
22.6449	-0.232
22.6534	-10.6873
22.674	-5.1379
22.6773	-5.5538
22.7352	-4.817
22.7642	-0.7425
22.8144	-8.4762
22.8247	-5.0532
22.8554	-6.338
22.8723	-6.2306
22.8815	-7.4101
22.9077	-5.5572
22.9269	-6.3756
22.9461	-4.8819
22.9756	-6.647
22.9766	-7.3241
22.9815	-6.2753
22.9837	-8.1275
23.0186	-4.9801
23.0725	-5.6657
23.0996	-4.1997
23.1322	-3.4153
23.1412	-3.8414
23.1421	-3.1857
23.149	-4.3855
23.1722	-5.4903
23.1899	-5.5632
23.2029	-6.4625
23.2035	-4.3834
23.2041	-4.843
23.2093	-3.7434
23.2302	-6.5218
23.2407	-5.6967
23.2455	-7.1054
23.2558	-6.3967
23.2713	-3.6864
23.2991	-6.4287
23.3008	-5.1866
23.3201	-3.0784
23.3207	-4.0052
23.3386	-5.1287
23.3547	-11.5241
23.3754	-4.0018
23.3816	-8.5182
23.3881	-1.0685
23.3892	-3.6105
23.398	-5.6828
23.4012	-3.0034
23.4139	-5.4589
23.4195	-4.1554
23.4284	-6.4244
23.4521	-3.9693
23.461	-6.845
23.483	-4.8034
23.4847	-2.3244
23.5188	-0.5789
23.5218	-6.4921
23.5243	-1.7841
23.5265	-3.7914
23.5296	-5.4612
23.5433	-0.8922
23.5491	-5.2663
23.5562	-6.9825
23.5633	-3.1413
23.5682	-6.5207
23.5716	-4.8139
23.5759	-4.2582
23.5766	-3.8795
23.5824	-4.9954
23.6116	-5.1028
23.6129	-6.2939
23.6523	-6.1239
23.6527	-6.5065
23.658	-7.0089
23.6875	-5.4365
23.6913	-3.3881
23.7137	-4.871
23.7217	-1.3952
23.7453	-2.5606
23.7512	-8.6173
23.7587	-5.5741
23.7715	-5.1546
23.7831	-6.1294
23.7966	-2.2294
23.7981	-4.369
23.7992	-8.8861
23.8144	-8.5056
23.8161	-5.3966
23.8163	-3.3237
23.8228	-5.4079
23.8282	-3.1655
23.8341	-0.7339
23.8396	-6.6672
23.8481	-5.8305
23.8694	-5.3122
23.8714	-6.364
23.8755	-4.4647
23.8849	-4.5645
23.8985	-5.2932
23.9411	-2.9126
23.9413	-1.4935
23.9424	-4.2831
23.9537	-4.004
23.9558	-5.5896
23.9558	-6.9776
23.96	-3.809
23.9776	-3.7766
23.9851	-2.0532
23.9866	-6.4176
23.9869	-7.4768
23.9896	-4.2528
24.0171	-4.6826
24.0327	0.0284
24.0363	-3.7515
24.0372	-4.7085
24.0376	-4.0123
24.0418	-4.5349
24.0443	-6.3774
24.0865	-3.557
24.0881	-4.2797
24.0904	-4.1698
24.0927	-5.5099
24.1252	-5.7995
24.1306	-5.1064
24.1337	-3.3663
24.1445	-4.1803
24.154	-5.3474
24.1572	-6.9009
24.162	-5.0656
24.1641	-7.8737
24.1854	-7.0917
24.1869	-4.2964
24.1871	-4.5759
24.1894	-3.6851
24.1978	-6.3639
24.2224	-0.2857
24.2378	-4.8742
24.2475	-4.0348
24.2515	-4.2902
24.2574	-3.997
24.2753	-5.2402
24.2792	-3.1864
24.2794	-5.3709
24.31	-5.9551
24.3132	-4.8325
24.3326	-9.2176
24.3443	0.0878
24.3511	-2.9689
24.3544	-2.9203
24.3918	-10.8158
24.4049	-9.1454
24.4125	-4.5714
24.4221	-5.1265
24.4266	-7.0064
24.4439	-5.5592
24.4648	-5.4666
24.4654	-7.0375
24.4968	-6.875
24.4979	-5.143
24.5148	-6.7476
24.5158	-8.9054
24.5278	-6.3708
24.5309	-4.0196
24.5324	-5.728
24.5356	-8.5876
24.5413	-4.1719
24.5571	-2.6257
24.5626	-8.4889
24.5666	-4.9581
24.57	-4.1799
24.5708	-5.2118
24.5855	-5.3642
24.5869	-6.4759
24.589	-2.4689
24.5956	-5.0697
24.5999	-6.0552
24.6031	-6.4983
24.6264	-7.7995
24.638	-1.6021
24.6724	-9.8835
24.6934	-2.2343
24.7001	-7.2282
24.7139	-4.7326
24.7151	-6.0792
24.738	-5.6488
24.7479	-4.788
24.7504	-6.9556
24.7566	-6.7035
24.7698	-3.3174
24.7738	-1.6955
24.7874	-5.0301
24.793	-5.4942
24.7977	-4.6591
24.8012	-8.5916
24.813	-6.4509
24.8293	-7.7979
24.8317	-6.1065
24.8368	-8.536
24.8371	-5.6746
24.8553	-6.651
24.8752	-6.0119
24.8793	-3.4054
24.8827	-3.0815
24.8929	-6.3072
24.8964	-2.8826
24.9015	0.4261
24.9075	-9.5763
24.9089	-8.6416
24.915	-6.0467
24.9176	-10.547
24.922	-8.1824
24.9379	-4.5224
24.9389	-7.8603
24.9922	-4.8879
24.9969	-1.8392
25.0215	-4.2046
25.0218	-5.1029
25.0218	-6.2083
25.0261	-4.3852
25.048	-6.7215
25.0547	-5.1303
25.063	-3.3089
25.0713	-4.178
25.0735	-7.3512
25.0907	-4.646
25.0968	-5.5355
25.099	-5.8015
25.1048	-9.6459
25.1247	-4.6145
25.1253	-7.9682
25.129	-6.1823
25.1656	0.2473
25.172	-5.2517
25.2001	-2.1561
25.201	-6.6726
25.2082	-4.2455
25.2133	-3.4744
25.2161	-3.6175
25.2303	-4.4215
25.2364	-4.2413
25.2378	-4.2216
25.2422	1.7617
25.2457	-6.0054
25.2539	-4.4404
25.2581	-5.6592
25.2616	-6.845
25.2627	-5.5184
25.2728	-7.5875
25.2966	-4.3475
25.3089	-3.5976
25.3118	-10.0241
25.3289	-5.0681
25.338	-1.982
25.3552	-5.2701
25.3824	-6.2745
25.3911	-5.5361
25.3939	-4.0882
25.4065	-4.4244
25.4078	-6.6443
25.4116	1.0838
25.4207	-5.4546
25.4499	-3.8689
25.4558	-5.3072
25.4568	-4.175
25.4743	0.1605
25.4817	-7.0175
25.4827	-4.3847
25.4838	-6.2281
25.5043	-1.843
25.5354	-4.4577
25.542	-3.6627
25.5461	-6.8103
25.5512	-6.0159
25.5756	-8.2109
25.5792	-3.2095
25.5916	-2.3776
25.5922	-4.7455
25.5923	-7.4447
25.5967	-5.7145
25.6108	-4.1649
25.6121	-5.9608
25.6142	-8.3288
25.6255	-7.5374
25.6342	-4.0018
25.6388	1.7333
25.6443	-5.4231
25.6462	-7.2085
25.655	-4.8182
25.6587	-0.2101
25.6607	-4.2768
25.6635	-3.7811
25.6694	-0.1901
25.6695	0.6246
25.6761	-9.2332
25.6773	-5.3856
25.6788	-3.3831
25.6795	1.4343
25.6798	-6.4217
25.6824	-5.1831
25.6888	-2.5362
25.6913	-6.0097
25.6945	-3.4793
25.6953	1.2141
25.6954	-3.7376
25.6987	-5.2754
25.7	-8.8588
25.7009	-1.6409
25.702	-5.6973
25.7199	-4.618
25.7244	-6.5792
25.7334	-2.4068
25.7525	-3.9207
25.7535	1.2522
25.7544	-5.7539
25.7581	-0.931
25.7621	-6.2511
25.7649	-1.0682
25.7748	1.4072
25.7792	-2.3647
25.7907	-4.6763
25.8011	-4.4968
25.8027	1.3581
25.8062	-4.1667
25.8182	-5.0445
25.8234	-7.5777
25.8454	-5.7265
25.855	-6.2619
25.8576	-3.0319
25.8582	0.2219
25.8782	-3.5411
25.8802	-3.8777
25.8805	-3.9473
25.8809	-5.362
25.8873	-5.2955
25.8894	-3.3552
25.9007	-3.4601
25.9022	-5.5982
25.9086	-3.9439
25.914	-6.657
25.9412	0.3147
25.942	-1.842
25.9427	-7.7837
25.9431	-5.4855
25.9495	-5.5602
25.9529	-3.7487
25.9827	1.3868
25.985	1.1898
26.01	-2.0783
26.0101	1.389
26.0181	-1.8135
26.0372	1.7511
26.0374	-6.5295
26.0423	-3.0848
26.0468	1.0046
26.047	-6.8702
26.0479	1.3532
26.054	-5.5355
26.0621	-3.8128
26.0621	-0.5597
26.0659	1.5655
26.0701	-4.5498
26.0964	-5.3267
26.0976	-6.1296
26.0991	-5.2532
26.0992	0.7805
26.1015	0.5097
26.1068	-5.0223
26.1208	-2.1811
26.1221	-7.4509
26.1266	-6.6581
26.1328	-0.9819
26.1332	-6.0444
26.1445	-5.9525
26.1493	-4.2506
26.1498	-4.2215
26.1529	-1.6772
26.158	-3.3145
26.1635	-8.3665
26.1691	1.3674
26.1694	-3.5312
26.178	-1.6525
26.1888	-7.1456
26.1891	-4.4634
26.1922	1.5845
26.1929	0.2877
26.2037	-2.8047
26.2131	1.0425
26.2137	-2.7698
26.2143	4.0442
26.2242	1.0962
26.2261	-3.559
26.2322	-1.1607
26.2396	-6.7535
26.2413	1.0704
26.2462	-6.6681
26.2483	-8.5357
26.2498	1.2705
26.2533	-8.1507
26.2598	-4.6902
26.2606	-4.8208
26.2656	1.167
26.2699	-5.5412
26.2705	-0.8302
26.2756	-2.6725
26.2819	1.0031
26.2835	-6.4662
26.2839	-2.642
26.2871	-4.8542
26.2955	-3.643
26.2956	-7.2688
26.2957	1.832
26.305	-2.3188
26.311	1.2265
26.3191	-2.783
26.3195	-8.038
26.3248	-6.2504
26.3251	1.3717
26.3294	-3.8492
26.3358	-7.1482
26.336	-4.2183
26.3438	-7.5583
26.346	-4.7046
26.3566	-5.9993
26.3658	-6.9132
26.3661	0.8214
26.3757	-0.7248
26.3759	-6.4033
26.3772	-5.4315
26.38	-3.6237
26.389	-3.201
26.3968	-4.6877
26.3991	-6.0559
26.4023	0.9315
26.405	-3.734
26.4077	-5.3624
26.4185	-4.0358
26.42	-4.4284
26.42	1.3475
26.4277	0.5066
26.4294	-1.8366
26.4305	-4.5028
26.4323	-2.6097
26.4341	-6.7562
26.4399	0.9685
26.441	-5.9299
26.442	-6.358
26.4435	-3.5443
26.4491	-4.941
26.4494	1.0126
26.4518	-4.7427
26.4678	-5.3213
26.4692	-3.7805
26.4692	-4.5094
26.4909	-0.295
26.4979	0.981
26.4988	-3.8752
26.501	-4.5181
26.518	-3.9311
26.5255	-3.6839
26.5341	-6.9536
26.5363	-3.4405
26.5393	-9.6187
26.5437	-6.1775
26.5456	0.7698
26.547	-8.3801
26.5477	-5.8194
26.5558	0.8017
26.5644	-3.0156
26.5699	-2.6405
26.5789	1.0222
26.5815	-3.9499
26.5871	-6.4479
26.5885	-6.9277
26.5895	-1.2744
26.5914	-7.1886
26.5988	-3.8528
26.6009	-6.3956
26.6016	-6.004
26.6069	-4.8736
26.6099	1.4498
26.6145	-1.9025
26.619	-7.3354
26.6197	-5.1456
26.625	-6.6058
26.6312	-7.0881
26.6318	1.0817
26.6354	-3.3843
26.646	1.4538
26.6537	-7.6934
26.6583	-4.8079
26.6617	-7.7785
26.6709	-1.7101
26.6734	-2.1312
26.6767	-5.855
26.6768	0.9173
26.6778	0.2951
26.6873	-6.0965
26.6925	-6.821
26.6943	0.8443
26.7007	-1.3374
26.7106	-1.9056
26.7131	-4.8335
26.7163	-7.3551
26.7169	-7.206
26.7243	-2.7794
26.7268	1.0368
26.7278	-7.1312
26.7343	-6.6844
26.7364	1.0031
26.7372	-4.511
26.7379	-6.2896
26.7451	-5.7751
26.7461	-0.6418
26.7546	-3.5821
26.7547	1.2331
26.7554	-0.2161
26.7557	-3.1031
26.7564	-8.0802
26.7569	-6.8554
26.757	0.7247
26.77	-6.1582
26.7906	-2.5186
26.797	-5.3242
26.8036	-6.1421
26.8037	-3.0107
26.8111	-3.9925
26.812	-4.3461
26.8121	-6.8253
26.8142	-5.9931
26.8203	-5.8383
26.8251	-8.1353
26.8321	-3.7317
26.8324	-4.6907
26.8327	-1.4557
26.8357	-7.2166
26.8357	-6.0777
26.8414	-5.2046
26.8418	-2.5123
26.8425	-4.6049
26.8442	-3.663
26.8448	-3.8858
26.8456	-4.0322
26.8488	-6.5756
26.8505	-3.091
26.8507	-4.7342
26.8516	-3.1294
26.8645	-3.5263
26.8648	-1.7368
26.8673	-1.5381
26.8683	0.973
26.874	-3.9348
26.8744	0.1534
26.8814	0.9911
26.8832	-7.8113
26.8855	-6.0153
26.8877	-4.2058
26.8891	-3.2018
26.8928	-6.8231
26.8984	-6.8037
26.8988	-1.4278
26.9008	-6.7928
26.9009	-7.3466
26.9079	-6.3573
26.9155	-4.1526
26.9192	-6.59
26.9208	1.002
26.9253	0.5384
26.9272	0.93
26.928	-9.9294
26.9298	-3.7064
26.9358	-7.4942
26.9366	-6.1948
26.9375	-3.8615
26.9683	0.9633
26.9709	-7.5278
26.9721	-5.9054
26.9756	-5.6644
26.9834	-6.3641
26.9917	-0.4872
27.0015	1.4358
27.0025	-5.9336
27.0032	-8.2382
27.0166	-3.0294
27.0223	-0.7884
27.025	-4.7498
27.0277	-1.0959
27.0341	0.7874
27.0358	-1.8117
27.0418	-1.4736
27.0501	-8.1233
27.0508	-1.1144
27.0566	-7.9185
27.0588	-1.7475
27.0602	-5.9952
27.0717	-8.5967
27.0806	-1.8001
27.0935	-4.7932
27.0939	-4.9889
27.1116	-3.0941
27.1211	-4.0596
27.1227	-3.7665
27.1238	-7.824
27.1262	-0.9016
27.1311	-1.3953
27.1432	-5.2836
27.1446	-1.0871
27.1492	-5.4622
27.1527	0.2595
27.1634	-6.8622
27.1688	-6.9121
27.1689	-0.777
27.1722	-5.6728
27.1753	-0.2434
27.1811	-2.3707
27.1917	-6.7592
27.1923	-4.6733
27.1979	-2.2996
27.1995	0.876
27.2047	-3.3026
27.2056	-2.8247
27.2086	-6.0604
27.2123	-0.1841
27.2147	-5.944
27.217	0.9624
27.2337	-3.3405
27.2345	-3.4066
27.238	-4.6333
27.2387	-2.2649
27.2424	-3.6028
27.2459	-5.1663
27.2584	-5.6843
27.2623	-5.1004
27.2649	-3.9361
27.2666	-6.2046
27.2716	-3.2737
27.2841	-4.2694
27.2879	0.3583
27.2903	-7.211
27.2944	-7.8213
27.3009	-3.4251
27.3063	-4.445
27.3123	-7.5859
27.3146	0.9338
27.3164	-6.905
27.3209	-2.486
27.3279	-8.433
27.3285	-6.0299
27.3304	-7.5336
27.3317	-4.1666
27.3395	-2.0783
27.3411	-3.738
27.348	-5.7692
27.3653	-1.8183
27.3737	0.8405
27.3771	-1.179
27.3837	-6.8262
27.3871	-4.11
27.3891	-4.1413
27.4031	0.6014
27.4104	-4.7542
27.414	-2.7087
27.4152	-1.8466
27.421	-5.3178
27.4214	-5.7453
27.4272	-6.6629
27.435	-7.3455
27.4404	-5.7425
27.4487	-1.8661
27.4658	-2.1962
27.466	-7.8264
27.4671	-6.6164
27.4746	-4.5396
27.4801	-8.6378
27.4845	-2.868
27.4893	-6.6432
27.4923	-2.687
27.497	-8.1145
27.499	-6.1219
27.5017	-6.4191
27.5089	-3.3494
27.5154	-0.4351
27.5167	-2.0131
27.5222	-2.8662
27.5266	-4.9126
27.539	-2.0026
27.5452	-7.4246
27.5558	-7.2697
27.5641	-2.4035
27.5672	-2.9348
27.5745	-3.9808
27.5771	-6.2073
27.5771	-3.8377
27.5795	-4.0743
27.5826	0.7762
27.5903	-1.7281
27.5978	-1.6692
27.6021	-2.5619
27.6054	-8.5449
27.6181	-7.2307
27.6239	-3.4236
27.6241	-6.4357
27.6241	-2.9091
27.6266	-1.9244
27.6287	-8.2209
27.6308	-5.6094
27.6345	-5.1225
27.6363	-10.1702
27.637	-6.1193
27.6553	-5.8585
27.6623	-4.6574
27.663	-2.0473
27.6633	-5.4586
27.6798	-3.9291
27.6863	-1.4231
27.6944	-9.8998
27.701	-3.0169
27.7038	-5.4598
27.7065	-7.3754
27.7109	-6.6718
27.712	-4.1178
27.7222	-0.8656
27.7265	-4.6484
27.7447	-7.6924
27.754	0.1885
27.7576	-1.798
27.7712	-5.8934
27.7766	-2.0897
27.7793	-8.8532
27.781	-6.5008
27.7826	-6.619
27.7836	-2.6128
27.7861	1.0368
27.7886	-6.8182
27.7902	-0.9743
27.7927	-2.8261
27.7933	-4.1042
27.7952	-6.9614
27.8031	-7.6293
27.8033	-6.498
27.8073	-4.4307
27.8275	-8.7616
27.8306	-2.2593
27.8356	-8.6214
27.8409	0.7667
27.8457	0.8502
27.8519	-2.921
27.8716	1.0926
27.8878	-8.0072
27.8938	-7.7462
27.9101	-5.2687
27.916	-2.2669
27.9379	0.9871
27.942	-1.8853
27.9443	-5.3564
27.9449	-4.6423
27.9485	-1.5419
27.9656	-6.5612
27.9746	-8.116
27.9917	0.1798
27.9965	-0.3303
28.0048	0.8511
28.0154	-6.8372
28.0197	-7.0116
28.0239	-1.485
28.0266	-3.5289
28.0274	-3.3021
28.04	0.779
28.043	-6.1369
28.0558	-1.5828
28.0576	-7.6437
28.0711	-7.1083
28.078	-4.9481
28.0929	-8.0595
28.0987	-6.2236
28.1162	-1.5781
28.1176	-5.2078
28.1203	-2.7528
28.129	-2.7265
28.1349	-6.9842
28.1367	0.0658
28.1413	-5.8804
28.1453	-4.7605
28.1504	-5.1621
28.1511	-0.2649
28.1587	-6.6844
28.1668	-7.8852
28.1745	1.1233
28.1746	1.0083
28.1759	-2.1868
28.1952	-4.8887
28.2066	-4.4676
28.2198	-2.889
28.2278	-6.8927
28.2328	-2.4602
28.2413	0.0617
28.2437	-4.5541
28.2464	-7.3319
28.2718	-5.1981
28.2735	-3.4649
28.2772	0.6109
28.2853	-3.9151
28.2945	-4.9717
28.3087	-2.7945
28.3365	-3.6899
28.3936	1.0709
28.3953	0.1438
28.4013	1.0514
28.4084	-1.611
28.4097	-6.6117
28.4165	-1.7205
28.4244	-5.9919
28.4319	-3.0989
28.4322	-6.1932
28.4391	-0.5322
28.4562	-6.9541
28.5052	-0.726
28.5104	-2.4789
28.5216	-1.8812
28.5267	-6.0681
28.5346	-2.559
28.5655	-6.2178
28.5864	-7.1467
28.6079	-3.1814
28.6957	0.8486
28.706	0.7145
28.735	-0.3106
28.7572	0.6357
28.8016	0.93
28.9112	-3.8254
28.9637	0.8266
28.991	-3.0801
29.0011	-2.4855
29.056	-3.4061
29.0741	0.4536
29.0855	0.8623
29.0984	-3.9987
29.1764	0.8106
29.1933	-4.4827
29.2278	0.3065
29.248	1.0202
29.2945	0.7419
29.3058	0.8378
29.332	0.6976
29.3376	-3.4494
29.3448	-0.2697
29.4118	-2.5306
29.4319	-0.8163
29.4377	-1.2552
29.5757	-2.9468
29.5992	-3.7523
29.6116	-4.0164
29.6448	-1.0865
29.7294	-2.8475
29.825	0.2837
29.8533	-3.4199
29.8593	-0.6584
29.8805	-4.2188
30.1026	-0.9424
30.2216	0.8157
30.295	-2.0658
30.3897	-2.2329
30.4934	0.9058
30.5613	0.5717
30.5719	-0.7005
30.658	-1.0401
30.7927	-0.2962
31.0709	0.7168
31.2378	-2.6757
31.2527	-1.1505
31.8903	-0.0912
31.9182	-2.7656
32.1328	0.63
32.1667	1.1105
32.2341	-0.7102
32.3635	-0.5157
32.3677	-2.8003
32.3849	-2.9044
32.3945	-2.6982
32.4723	-3.1052
32.5249	-3.7309
32.5666	-1.652
32.5899	-0.7945
32.7761	-1.8565
32.7914	0.3795
32.8014	-0.1786
32.8347	-1.2218
32.8406	-1.3968
32.8795	-1.5775
32.8942	0.3644
32.9216	-3.9835
32.9525	-0.513
32.9667	-2.5391
32.9844	0.9397
33.016	-1.4066
33.0219	-2.8417
33.0441	-0.4659
33.1005	-1.5566
33.1429	-0.3236
33.1665	-1.2829
33.2129	0.1127
33.232	-3.1591
33.2416	-1.0956
33.2963	3.5246
33.3141	-1.2805
33.3313	-0.9072
33.3461	1.5801
33.3712	-0.8796
33.3713	-1.9859
33.3843	-2.3341
33.3871	-1.1203
33.4054	-1.3908
33.4169	-0.081
33.4366	-1.1669
33.4982	-1.2868
33.5416	0.8384
33.5696	-1.4208
33.6286	-1.6663
33.6442	-1.2302
33.6468	1.3303
33.6596	-0.6807
33.6846	-1.3605
33.6848	-3.4301
33.7185	-1.625
33.7219	-0.0494
33.7328	-1.8229
33.7423	-0.0045
33.7717	-1.0597
33.814	-0.482
33.822	-0.1549
33.8752	-1.6216
33.931	1.1439
33.9659	-1.6672
33.985	-0.0398
33.9977	-0.8136
34.1577	-1.4443
34.1601	-2.8134
34.1624	-0.483
34.175	-1.6702
34.1809	-0.7347
34.189	0.7786
34.1909	-1.7648
34.2122	-1.3602
34.2182	-1.8376
34.222	-1.7386
34.2532	-0.7363
34.2863	-1.3365
34.3035	-1.6822
34.4317	1.2958
34.4414	-1.5769
34.4452	0.0322
34.4909	-1.2863
34.493	0.4735
34.495	1.202
34.8069	-0.6289
35.0483	-1.7416
35.0511	-2.1799
35.1338	-1.2843
35.2515	-2.1991
35.4247	-0.2679
35.436	-2.0838
35.4931	-0.0691
35.5267	-1.0407
35.7166	-0.9819
